-1439.69898434
-1035.03331404
-527.572036049
77.7126052559
764.202946294
1502.83683245
2252.76501606
2963.53175646
3578.67483874
4040.47401915
4295.4311059
4299.95683063
4025.68219847
3463.81306547
2628.00840006
1555.38098509
305.384250928
-1043.45449128
-2398.78455281
-3661.29411155
-4732.63786155
-5523.75533166
-5962.83679861
-6002.19405406
-5623.3644227
-4839.91367264
-3697.59559728
-2271.75630942
-662.118853956
1014.67431837
2634.1700542
4074.10915474
5224.47304968
5996.6958873
6331.22235505
6202.72415665
5622.48535061
4637.71147556
3327.78767231
1797.78234255
169.740369397
-1427.48936155
-2869.01225916
-4044.2955706
-4866.31607812
-5278.64846847
-5259.87701364
-4824.95145498
-4023.38075784
-2934.44084091
-1659.83868316
-314.501030047
983.679356977
2124.21830542
3013.60942738
3583.24113494
3794.9707367
3643.88278363
3158.01828109
2395.13829232
1436.85424728
380.693259081
-669.151547795
-1611.5245816
-2357.57319298
-2838.73437434
-3012.73035528
-2867.05297152
-2419.65453216
-1716.82376076
-828.484753697
158.609289507
1149.12896685
2048.08649235
2769.58791181
3244.61817194
3427.16039021
3298.11671551
2866.71081853
2169.29061643
1265.69150935
233.542448249
-838.920939012
-1860.84651293
-2746.81119108
-3424.18709952
-3839.17510903
-3960.99349628
-3783.89499324
-3326.89688842
-2631.32531714
-1756.47557324
-773.856321227
239.398107388
1207.30649546
2061.37661552
2745.93211898
3221.98490244
3469.36718405
3487.01952941
3291.51650868
2914.08184523
2396.48311218
1786.28915738
1132.01329279
478.64931144
-135.96115404
-683.603913853
-1146.82752622
-1518.71426779
-1801.41819491
-2003.7382169
-2138.0967823
-2217.35290137
-2251.88594396
-2247.34359305
-2203.3586342
-2113.41499628
-1965.89757851
-1746.20924881
-1439.69898434
-1035.03331404
-527.572036049
77.7126052559
764.202946294
1502.83683245
2252.76501606
2963.53175646
3578.67483874
4040.47401915
4295.4311059
4299.95683063
4025.68219847
3463.81306547
2628.00840006
1555.38098509
305.384250928
-1043.45449128
-2398.78455281
-3661.29411155
-4732.63786155
-5523.75533166
-5962.83679861
-6002.19405406
-5623.3644227
-4839.91367264
-3697.59559728
-2271.75630942
-662.118853956
1014.67431837
2634.1700542
4074.10915474
5224.47304968
5996.6958873
6331.22235505
6202.72415665
5622.48535061
4637.71147556
3327.78767231
1797.78234255
169.740369397
-1427.48936155
-2869.01225916
-4044.2955706
-4866.31607812
-5278.64846847
-5259.87701364
-4824.95145498
-4023.38075784
-2934.44084091
-1659.83868316
-314.501030047
983.679356977
2124.21830542
3013.60942738
3583.24113494
3794.9707367
3643.88278363
3158.01828109
2395.13829232
1436.85424728
380.693259081
-669.151547795
-1611.5245816
-2357.57319298
-2838.73437434
-3012.73035528
-2867.05297152
-2419.65453216
-1716.82376076
-828.484753697
158.609289507
1149.12896685
2048.08649235
2769.58791181
3244.61817194
3427.16039021
3298.11671551
2866.71081853
2169.29061643
1265.69150935
233.542448249
-838.920939012
-1860.84651293
-2746.81119108
-3424.18709952
-3839.17510903
-3960.99349628
-3783.89499324
-3326.89688842
-2631.32531714
-1756.47557324
-773.856321227
239.398107388
1207.30649546
2061.37661552
2745.93211898
3221.98490244
3469.36718405
3487.01952941
3291.51650868
2914.08184523
2396.48311218
1786.28915738
1132.01329279
478.64931144
-135.96115404
-683.603913853
-1146.82752622
-1518.71426779
-1801.41819491
-2003.7382169
-2138.0967823
-2217.35290137
-2251.88594396
-2247.34359305
-2203.3586342
-2113.41499628
-1965.89757851
-1746.20924881
-1439.69898434
-1035.03331404
-527.572036049
77.7126052559
764.202946294
1502.83683245
2252.76501606
2963.53175646
3578.67483874
4040.47401915
4295.4311059
4299.95683063
4025.68219847
3463.81306547
2628.00840006
1555.38098509
305.384250928
-1043.45449128
-2398.78455281
-3661.29411155
-4732.63786155
-5523.75533166
-5962.83679861
-6002.19405406
-5623.3644227
-4839.91367264
-3697.59559728
-2271.75630942
-662.118853956
1014.67431837
2634.1700542
4074.10915474
5224.47304968
5996.6958873
6331.22235505
6202.72415665
5622.48535061
4637.71147556
3327.78767231
1797.78234255
169.740369397
-1427.48936155
-2869.01225916
-4044.2955706
-4866.31607812
-5278.64846847
-5259.87701364
-4824.95145498
-4023.38075784
-2934.44084091
-1659.83868316
-314.501030048
983.679356977
2124.21830542
3013.60942738
3583.24113494
3794.9707367
3643.88278363
3158.01828109
2395.13829232
1436.85424728
380.693259081
-669.151547795
-1611.5245816
-2357.57319298
-2838.73437434
-3012.73035528
-2867.05297152
-2419.65453216
-1716.82376076
-828.484753697
158.609289507
1149.12896685
2048.08649235
2769.58791181
3244.61817194
3427.16039021
3298.11671551
2866.71081853
2169.29061643
1265.69150935
233.542448249
-838.920939012
-1860.84651293
-2746.81119108
-3424.18709952
-3839.17510903
-3960.99349628
-3783.89499324
-3326.89688842
-2631.32531714
-1756.47557324
-773.856321227
239.398107388
1207.30649546
2061.37661552
2745.93211898
3221.98490244
3469.36718405
3487.01952941
3291.51650868
2914.08184523
2396.48311218
1786.28915738
1132.01329279
478.64931144
-135.96115404
-683.603913853
-1146.82752622
-1518.71426779
-1801.41819491
-2003.7382169
-2138.0967823
-2217.35290137
-2251.88594396
-2247.34359305
-2203.3586342
-2113.41499628
-1965.89757851
-1746.20924881
-1439.69898434
-1035.03331404
-527.572036049
77.7126052559
764.202946294
1502.83683245
2252.76501606
2963.53175646
3578.67483874
4040.47401915
4295.4311059
4299.95683063
4025.68219847
3463.81306547
2628.00840006
1555.38098509
305.384250928
-1043.45449128
-2398.78455281
-3661.29411155
-4732.63786155
-5523.75533166
-5962.83679861
-6002.19405406
-5623.3644227
-4839.91367264
-3697.59559728
-2271.75630942
-662.118853956
1014.67431837
2634.1700542
4074.10915474
5224.47304968
5996.6958873
6331.22235505
6202.72415665
5622.48535061
4637.71147556
3327.78767231
1797.78234255
169.740369397
-1427.48936155
-2869.01225916
-4044.2955706
-4866.31607812
-5278.64846847
-5259.87701364
-4824.95145498
-4023.38075784
-2934.44084091
-1659.83868316
-314.501030047
983.679356977
2124.21830542
3013.60942738
3583.24113494
3794.9707367
3643.88278363
3158.01828109
2395.13829232
