2.569900000000000162e+01
2.825199999999999889e+01
2.621300000000000097e+01
2.518499999999999872e+01
2.927599999999999980e+01
2.569900000000000162e+01
2.825199999999999889e+01
2.621300000000000097e+01
2.518499999999999872e+01
2.927599999999999980e+01
2.569900000000000162e+01
2.825199999999999889e+01
2.621300000000000097e+01
2.518499999999999872e+01
2.927599999999999980e+01
2.621199999999999974e+01
2.569900000000000162e+01
2.825199999999999889e+01
2.621300000000000097e+01
2.518499999999999872e+01
2.927599999999999980e+01
2.569900000000000162e+01
2.825199999999999889e+01
2.569900000000000162e+01
2.825199999999999889e+01
2.569900000000000162e+01
2.825199999999999889e+01
2.569900000000000162e+01
2.825199999999999889e+01
2.927599999999999980e+01
2.621300000000000097e+01
2.825199999999999889e+01
2.518499999999999872e+01
2.927599999999999980e+01
2.825199999999999889e+01
2.569900000000000162e+01
2.825199999999999889e+01
2.927599999999999980e+01
2.621300000000000097e+01
2.825199999999999889e+01
0.000000000000000000e+00
