0.0
8.33333333333e-06
1.66666666667e-05
2.5e-05
3.33333333333e-05
4.16666666667e-05
5e-05
5.83333333333e-05
6.66666666667e-05
7.5e-05
8.33333333333e-05
9.16666666667e-05
0.0001
0.000108333333333
0.000116666666667
0.000125
0.000133333333333
0.000141666666667
0.00015
0.000158333333333
0.000166666666667
0.000175
0.000183333333333
0.000191666666667
0.0002
0.000208333333333
0.000216666666667
0.000225
0.000233333333333
0.000241666666667
0.00025
0.000258333333333
0.000266666666667
0.000275
0.000283333333333
0.000291666666667
0.0003
0.000308333333333
0.000316666666667
0.000325
0.000333333333333
0.000341666666667
0.00035
0.000358333333333
0.000366666666667
0.000375
0.000383333333333
0.000391666666667
0.0004
0.000408333333333
0.000416666666667
0.000425
0.000433333333333
0.000441666666667
0.00045
0.000458333333333
0.000466666666667
0.000475
0.000483333333333
0.000491666666667
0.0005
0.000508333333333
0.000516666666667
0.000525
0.000533333333333
0.000541666666667
0.00055
0.000558333333333
0.000566666666667
0.000575
0.000583333333333
0.000591666666667
0.0006
0.000608333333333
0.000616666666667
0.000625
0.000633333333333
0.000641666666667
0.00065
0.000658333333333
0.000666666666667
0.000675
0.000683333333333
0.000691666666667
0.0007
0.000708333333333
0.000716666666667
0.000725
0.000733333333333
0.000741666666667
0.00075
0.000758333333333
0.000766666666667
0.000775
0.000783333333333
0.000791666666667
0.0008
0.000808333333333
0.000816666666667
0.000825
0.000833333333333
0.000841666666667
0.00085
0.000858333333333
0.000866666666667
0.000875
0.000883333333333
0.000891666666667
0.0009
0.000908333333333
0.000916666666667
0.000925
0.000933333333333
0.000941666666667
0.00095
0.000958333333333
0.000966666666667
0.000975
0.000983333333333
0.000991666666667
0.001
0.00100833333333
0.00101666666667
0.001025
0.00103333333333
0.00104166666667
0.00105
0.00105833333333
0.00106666666667
0.001075
0.00108333333333
0.00109166666667
0.0011
0.00110833333333
0.00111666666667
0.001125
0.00113333333333
0.00114166666667
0.00115
0.00115833333333
0.00116666666667
0.001175
0.00118333333333
0.00119166666667
0.0012
0.00120833333333
0.00121666666667
0.001225
0.00123333333333
0.00124166666667
0.00125
0.00125833333333
0.00126666666667
0.001275
0.00128333333333
0.00129166666667
0.0013
0.00130833333333
0.00131666666667
0.001325
0.00133333333333
0.00134166666667
0.00135
0.00135833333333
0.00136666666667
0.001375
0.00138333333333
0.00139166666667
0.0014
0.00140833333333
0.00141666666667
0.001425
0.00143333333333
0.00144166666667
0.00145
0.00145833333333
0.00146666666667
0.001475
0.00148333333333
0.00149166666667
0.0015
0.00150833333333
0.00151666666667
0.001525
0.00153333333333
0.00154166666667
0.00155
0.00155833333333
0.00156666666667
0.001575
0.00158333333333
0.00159166666667
0.0016
0.00160833333333
0.00161666666667
0.001625
0.00163333333333
0.00164166666667
0.00165
0.00165833333333
0.00166666666667
0.001675
0.00168333333333
0.00169166666667
0.0017
0.00170833333333
0.00171666666667
0.001725
0.00173333333333
0.00174166666667
0.00175
0.00175833333333
0.00176666666667
0.001775
0.00178333333333
0.00179166666667
0.0018
0.00180833333333
0.00181666666667
0.001825
0.00183333333333
0.00184166666667
0.00185
0.00185833333333
0.00186666666667
0.001875
0.00188333333333
0.00189166666667
0.0019
0.00190833333333
0.00191666666667
0.001925
0.00193333333333
0.00194166666667
0.00195
0.00195833333333
0.00196666666667
0.001975
0.00198333333333
0.00199166666667
0.002
0.00200833333333
0.00201666666667
0.002025
0.00203333333333
0.00204166666667
0.00205
0.00205833333333
0.00206666666667
0.002075
0.00208333333333
0.00209166666667
0.0021
0.00210833333333
0.00211666666667
0.002125
0.00213333333333
0.00214166666667
0.00215
0.00215833333333
0.00216666666667
0.002175
0.00218333333333
0.00219166666667
0.0022
0.00220833333333
0.00221666666667
0.002225
0.00223333333333
0.00224166666667
0.00225
0.00225833333333
0.00226666666667
0.002275
0.00228333333333
0.00229166666667
0.0023
0.00230833333333
0.00231666666667
0.002325
0.00233333333333
0.00234166666667
0.00235
0.00235833333333
0.00236666666667
0.002375
0.00238333333333
0.00239166666667
0.0024
0.00240833333333
0.00241666666667
0.002425
0.00243333333333
0.00244166666667
0.00245
0.00245833333333
0.00246666666667
0.002475
0.00248333333333
0.00249166666667
0.0025
0.00250833333333
0.00251666666667
0.002525
0.00253333333333
0.00254166666667
0.00255
0.00255833333333
0.00256666666667
0.002575
0.00258333333333
0.00259166666667
0.0026
0.00260833333333
0.00261666666667
0.002625
0.00263333333333
0.00264166666667
0.00265
0.00265833333333
0.00266666666667
0.002675
0.00268333333333
0.00269166666667
0.0027
0.00270833333333
0.00271666666667
0.002725
0.00273333333333
0.00274166666667
0.00275
0.00275833333333
0.00276666666667
0.002775
0.00278333333333
0.00279166666667
0.0028
0.00280833333333
0.00281666666667
0.002825
0.00283333333333
0.00284166666667
0.00285
0.00285833333333
0.00286666666667
0.002875
0.00288333333333
0.00289166666667
0.0029
0.00290833333333
0.00291666666667
0.002925
0.00293333333333
0.00294166666667
0.00295
0.00295833333333
0.00296666666667
0.002975
0.00298333333333
0.00299166666667
0.003
0.00300833333333
0.00301666666667
0.003025
0.00303333333333
0.00304166666667
0.00305
0.00305833333333
0.00306666666667
0.003075
0.00308333333333
0.00309166666667
0.0031
0.00310833333333
0.00311666666667
0.003125
0.00313333333333
0.00314166666667
0.00315
0.00315833333333
0.00316666666667
0.003175
0.00318333333333
0.00319166666667
0.0032
0.00320833333333
0.00321666666667
0.003225
0.00323333333333
0.00324166666667
0.00325
0.00325833333333
0.00326666666667
0.003275
0.00328333333333
0.00329166666667
0.0033
0.00330833333333
0.00331666666667
0.003325
0.00333333333333
0.00334166666667
0.00335
0.00335833333333
0.00336666666667
0.003375
0.00338333333333
0.00339166666667
0.0034
0.00340833333333
0.00341666666667
0.003425
0.00343333333333
0.00344166666667
0.00345
0.00345833333333
0.00346666666667
0.003475
0.00348333333333
0.00349166666667
