
-1439.69898434
-1115.96235955
-587.125694247
177.135566402
1159.02612457
2287.04907344
3440.92315426
4466.78250987
5200.50353488
5495.39423514
5249.49921171
4427.60902959
3073.76616895
1311.52896764
-668.748170048
-2634.1700542
-4341.63431101
-5573.30770749
-6169.62576633
-6054.43922714
-5248.07684318
-3865.96524096
-2102.74043686
-204.124697921
1569.1619708
2979.86866643
3849.05491587
4081.86060072
3680.2027189
2740.49111648
1436.85424728
-7.32521769452
-1354.92576993
-2391.94410583
-2959.85372608
-2978.4462979
-2455.76436397
-1483.88829633
-221.657440015
1132.50198619
2372.94598009
3318.97188773
3841.56624463
3880.60863987
3450.13168059
2631.32531714
1555.05320722
377.36309871
-747.464791436
-1691.54697819
-2371.52361156
-2757.3280991
-2870.54051254
-2773.20437016
-2549.71787984
-2285.62670491
-2047.63260237
-1868.81020548
-1741.958256
-1622.40113248
-1439.69898434
-1115.96235955
-587.125694247
177.135566402
1159.02612457
2287.04907344
3440.92315426
4466.78250987
5200.50353488
5495.39423514
5249.49921171
4427.60902959
3073.76616895
1311.52896764
-668.748170048
-2634.1700542
-4341.63431101
-5573.30770749
-6169.62576633
-6054.43922714
-5248.07684318
-3865.96524096
-2102.74043686
-204.124697921
1569.1619708
2979.86866643
3849.05491587
4081.86060072
3680.2027189
2740.49111648
1436.85424728
-7.32521769451
-1354.92576993
-2391.94410583
-2959.85372608
-2978.4462979
-2455.76436397
-1483.88829633
-221.657440015
1132.50198619
2372.94598009
3318.97188773
3841.56624463
3880.60863987
3450.13168059
2631.32531714
1555.05320722
377.36309871
-747.464791436
-1691.54697819
-2371.52361156
-2757.3280991
-2870.54051254
-2773.20437016
-2549.71787984
-2285.62670491
-2047.63260237
-1868.81020548
-1741.958256
-1622.40113248
-1439.69898434
-1115.96235955
-587.125694247
177.135566402
1159.02612457
2287.04907344
3440.92315426
4466.78250987
5200.50353488
5495.39423514
5249.49921171
4427.60902959
3073.76616895
1311.52896764
-668.748170048
-2634.1700542
-4341.63431101
-5573.30770749
-6169.62576633
-6054.43922714
-5248.07684318
-3865.96524096
-2102.74043686
-204.124697921
1569.1619708
2979.86866643
3849.05491587
4081.86060072
3680.2027189
2740.49111648
1436.85424728
-7.32521769451
-1354.92576993
-2391.94410583
-2959.85372608
-2978.4462979
-2455.76436397
-1483.88829633
-221.657440015
1132.50198619
2372.94598009
3318.97188773
3841.56624463
3880.60863987
3450.13168059
2631.32531714
1555.05320722
377.36309871
-747.464791436
-1691.54697819
-2371.52361156
-2757.3280991
-2870.54051254
-2773.20437016
-2549.71787984
-2285.62670491
-2047.63260237
-1868.81020548
-1741.958256
-1622.40113248
-1439.69898434
-1115.96235955
-587.125694247
177.135566402
1159.02612457
2287.04907344
3440.92315426
4466.78250987
5200.50353488
5495.39423514
5249.49921171
4427.60902959
3073.76616895
1311.52896764
-668.748170048
-2634.1700542
-4341.63431101
-5573.30770749
-6169.62576633
-6054.43922714
-5248.07684318
-3865.96524096
-2102.74043686
-204.124697921
1569.1619708
2979.86866643
3849.05491587
4081.86060072
3680.2027189
2740.49111648
1436.85424728
-7.3252176945
-1354.92576993
-2391.94410583
-2959.85372608
-2978.4462979
-2455.76436397
-1483.88829633
-221.657440015
1132.50198619
2372.94598009
3318.97188773
3841.56624463
3880.60863987
3450.13168059
2631.32531714
1555.05320722
377.36309871
-747.464791436
-1691.54697819
-2371.52361156
-2757.3280991
-2870.54051254
-2773.20437016
-2549.71787984
-2285.62670491
-2047.63260237
-1868.81020548
-1741.958256
-1622.40113248
-1439.69898434
-1115.96235955
-587.125694247
177.135566402
1159.02612457
2287.04907344
3440.92315426
4466.78250987
5200.50353488
5495.39423514
5249.49921171
4427.60902959
3073.76616895
1311.52896764
-668.748170048
-2634.1700542
-4341.63431101
-5573.30770749
-6169.62576633
-6054.43922714
-5248.07684318
-3865.96524096
-2102.74043686
-204.124697921
1569.1619708
2979.86866643
3849.05491587
4081.86060072
3680.2027189
2740.49111648
1436.85424728
-7.32521769449
-1354.92576993
-2391.94410583
-2959.85372608
-2978.4462979
-2455.76436397
-1483.88829633
-221.657440015
1132.50198619
2372.94598009
3318.97188773
3841.56624463
3880.60863987
3450.13168059
2631.32531714
1555.05320722
377.36309871
-747.464791436
-1691.54697819
-2371.52361156
-2757.3280991
-2870.54051254
-2773.20437016
-2549.71787984
-2285.62670491
-2047.63260237
-1868.81020548
-1741.958256
-1622.40113248
-1439.69898434
-1115.96235955
-587.125694247
177.135566402
1159.02612457
2287.04907344
3440.92315426
4466.78250987
5200.50353488
5495.39423514
5249.49921171
4427.60902959
3073.76616895
1311.52896764
-668.748170048
-2634.1700542
-4341.63431101
-5573.30770749
-6169.62576633
-6054.43922714
-5248.07684318
-3865.96524096
-2102.74043686
-204.124697921
1569.1619708
2979.86866643
3849.05491587
4081.86060072
3680.2027189
2740.49111648
1436.85424728
-7.32521769448
-1354.92576993
-2391.94410583
-2959.85372608
-2978.4462979
-2455.76436397
-1483.88829633
-221.657440015
1132.50198619
2372.94598009
3318.97188773
3841.56624463
3880.60863987
3450.13168059
2631.32531714
1555.05320722
377.36309871
-747.464791436
-1691.54697819
-2371.52361156
-2757.3280991
-2870.54051254
-2773.20437016
-2549.71787984
-2285.62670491
-2047.63260237
-1868.81020548
-1741.958256
-1622.40113248
-1439.69898434
-1115.96235955
-587.125694247
177.135566402
1159.02612457
2287.04907344
3440.92315426
4466.78250987
5200.50353488
5495.39423514
5249.49921171
4427.60902959
3073.76616895
1311.52896764
-668.748170048
-2634.1700542
-4341.63431101
-5573.30770749
-6169.62576633
-6054.43922714
-5248.07684318
-3865.96524096
-2102.74043686
-204.124697921
1569.1619708
2979.86866643
3849.05491587
4081.86060072
3680.2027189
2740.49111648
1436.85424728
-7.3252176945
-1354.92576993
-2391.94410583
-2959.85372608
-2978.4462979
-2455.76436397
-1483.88829633
-221.657440015
1132.50198619
2372.94598009
3318.97188773
3841.56624463
3880.60863987
3450.13168059
2631.32531714
1555.05320722
377.36309871
-747.464791436
-1691.54697819
-2371.52361156
-2757.3280991
-2870.54051254
-2773.20437016
-2549.71787984
-2285.62670491
-2047.63260237
-1868.81020548
-1741.958256
-1622.40113248
