
-0.01374400	-0.088000
-0.01374300	-0.088000
-0.01374200	-0.112000
-0.01374100	-0.112000
-0.01374000	-0.088000
-0.01373900	-0.088000
-0.01373800	-0.112000
-0.01373700	-0.112000
-0.01373600	-0.088000
-0.01373500	-0.088000
-0.01373400	-0.112000
-0.01373300	-0.112000
-0.01373200	-0.088000
-0.01373100	-0.088000
-0.01373000	-0.112000
-0.01372900	-0.112000
-0.01372800	-0.088000
-0.01372700	-0.088000
-0.01372600	-0.112000
-0.01372500	-0.112000
-0.01372400	-0.088000
-0.01372300	-0.088000
-0.01372200	-0.112000
-0.01372100	-0.112000
-0.01372000	-0.088000
-0.01371900	-0.088000
-0.01371800	-0.112000
-0.01371700	-0.112000
-0.01371600	-0.088000
-0.01371500	-0.088000
-0.01371400	-0.112000
-0.01371300	-0.112000
-0.01371200	-0.088000
-0.01371100	-0.088000
-0.01371000	-0.112000
-0.01370900	-0.112000
-0.01370800	-0.088000
-0.01370700	-0.088000
-0.01370600	-0.112000
-0.01370500	-0.112000
-0.01370400	-0.104000
-0.01370300	-0.112000
-0.01370200	-0.128000
-0.01370100	-0.120000
-0.01370000	-0.144000
-0.01369900	-0.144000
-0.01369800	-0.152000
-0.01369700	-0.152000
-0.01369600	-0.176000
-0.01369500	-0.160000
-0.01369400	-0.176000
-0.01369300	-0.184000
-0.01369200	-0.176000
-0.01369100	-0.192000
-0.01369000	-0.208000
-0.01368900	-0.192000
-0.01368800	-0.208000
-0.01368700	-0.208000
-0.01368600	-0.208000
-0.01368500	-0.216000
-0.01368400	-0.208000
-0.01368300	-0.208000
-0.01368200	-0.232000
-0.01368100	-0.240000
-0.01368000	-0.224000
-0.01367900	-0.240000
-0.01367800	-0.240000
-0.01367700	-0.232000
-0.01367600	-0.248000
-0.01367500	-0.240000
-0.01367400	-0.240000
-0.01367300	-0.248000
-0.01367200	-0.248000
-0.01367100	-0.240000
-0.01367000	-0.248000
-0.01366900	-0.248000
-0.01366800	-0.240000
-0.01366700	-0.248000
-0.01366600	-0.240000
-0.01366500	-0.248000
-0.01366400	-0.248000
-0.01366300	-0.240000
-0.01366200	-0.240000
-0.01366100	-0.240000
-0.01366000	-0.240000
-0.01365900	-0.240000
-0.01365800	-0.240000
-0.01365700	-0.232000
-0.01365600	-0.240000
-0.01365500	-0.240000
-0.01365400	-0.232000
-0.01365300	-0.224000
-0.01365200	-0.224000
-0.01365100	-0.216000
-0.01365000	-0.216000
-0.01364900	-0.216000
-0.01364800	-0.200000
-0.01364700	-0.184000
-0.01364600	-0.184000
-0.01364500	-0.176000
-0.01364400	-0.192000
-0.01364300	-0.184000
-0.01364200	-0.168000
-0.01364100	-0.176000
-0.01364000	-0.176000
-0.01363900	-0.152000
-0.01363800	-0.160000
-0.01363700	-0.144000
-0.01363600	-0.144000
-0.01363500	-0.128000
-0.01363400	-0.120000
-0.01363300	-0.112000
-0.01363200	-0.112000
-0.01363100	-0.096000
-0.01363000	-0.104000
-0.01362900	-0.096000
-0.01362800	-0.088000
-0.01362700	-0.072000
-0.01362600	-0.072000
-0.01362500	-0.072000
-0.01362400	-0.048000
-0.01362300	-0.056000
-0.01362200	-0.040000
-0.01362100	-0.040000
-0.01362000	-0.032000
-0.01361900	-0.024000
-0.01361800	0.016000
-0.01361700	-0.008000
-0.01361600	0.016000
-0.01361500	0.016000
-0.01361400	0.024000
-0.01361300	0.032000
-0.01361200	0.032000
-0.01361100	0.032000
-0.01361000	0.056000
-0.01360900	0.056000
-0.01360800	0.080000
-0.01360700	0.072000
-0.01360600	0.072000
-0.01360500	0.080000
-0.01360400	0.096000
-0.01360300	0.088000
-0.01360200	0.096000
-0.01360100	0.128000
-0.01360000	0.112000
-0.01359900	0.136000
-0.01359800	0.136000
-0.01359700	0.152000
-0.01359600	0.152000
-0.01359500	0.160000
-0.01359400	0.160000
-0.01359300	0.176000
-0.01359200	0.168000
-0.01359100	0.176000
-0.01359000	0.184000
-0.01358900	0.200000
-0.01358800	0.184000
-0.01358700	0.192000
-0.01358600	0.200000
-0.01358500	0.200000
-0.01358400	0.216000
-0.01358300	0.216000
-0.01358200	0.208000
-0.01358100	0.240000
-0.01358000	0.232000
-0.01357900	0.232000
-0.01357800	0.240000
-0.01357700	0.240000
-0.01357600	0.248000
-0.01357500	0.256000
-0.01357400	0.240000
-0.01357300	0.248000
-0.01357200	0.256000
-0.01357100	0.256000
-0.01357000	0.264000
-0.01356900	0.240000
-0.01356800	0.256000
-0.01356700	0.256000
-0.01356600	0.264000
-0.01356500	0.256000
-0.01356400	0.256000
-0.01356300	0.264000
-0.01356200	0.256000
-0.01356100	0.264000
-0.01356000	0.256000
-0.01355900	0.256000
-0.01355800	0.256000
-0.01355700	0.256000
-0.01355600	0.248000
-0.01355500	0.264000
-0.01355400	0.256000
-0.01355300	0.240000
-0.01355200	0.248000
-0.01355100	0.240000
-0.01355000	0.232000
-0.01354900	0.232000
-0.01354800	0.232000
-0.01354700	0.232000
-0.01354600	0.216000
-0.01354500	0.216000
-0.01354400	0.200000
-0.01354300	0.216000
-0.01354200	0.200000
-0.01354100	0.200000
-0.01354000	0.192000
-0.01353900	0.192000
-0.01353800	0.176000
-0.01353700	0.184000
-0.01353600	0.168000
-0.01353500	0.168000
-0.01353400	0.160000
-0.01353300	0.152000
-0.01353200	0.152000
-0.01353100	0.120000
-0.01353000	0.136000
-0.01352900	0.120000
-0.01352800	0.112000
-0.01352700	0.112000
-0.01352600	0.096000
-0.01352500	0.096000
-0.01352400	0.080000
-0.01352300	0.080000
-0.01352200	0.072000
-0.01352100	0.064000
-0.01352000	0.064000
-0.01351900	0.048000
-0.01351800	0.040000
-0.01351700	0.024000
-0.01351600	0.032000
-0.01351500	0.016000
-0.01351400	0.000000
-0.01351300	0.000000
-0.01351200	0.000000
-0.01351100	-0.024000
-0.01351000	-0.008000
-0.01350900	-0.048000
-0.01350800	-0.040000
-0.01350700	-0.056000
-0.01350600	-0.064000
-0.01350500	-0.072000
-0.01350400	-0.080000
-0.01350300	-0.104000
-0.01350200	-0.088000
-0.01350100	-0.104000
-0.01350000	-0.112000
-0.01349900	-0.112000
-0.01349800	-0.120000
-0.01349700	-0.144000
-0.01349600	-0.144000
-0.01349500	-0.144000
-0.01349400	-0.160000
-0.01349300	-0.176000
-0.01349200	-0.176000
-0.01349100	-0.176000
-0.01349000	-0.184000
-0.01348900	-0.192000
-0.01348800	-0.200000
-0.01348700	-0.192000
-0.01348600	-0.208000
-0.01348500	-0.216000
-0.01348400	-0.224000
-0.01348300	-0.224000
-0.01348200	-0.240000
-0.01348100	-0.224000
-0.01348000	-0.248000
-0.01347900	-0.240000
-0.01347800	-0.248000
-0.01347700	-0.256000
-0.01347600	-0.256000
-0.01347500	-0.272000
-0.01347400	-0.256000
-0.01347300	-0.280000
-0.01347200	-0.256000
-0.01347100	-0.288000
-0.01347000	-0.280000
-0.01346900	-0.280000
-0.01346800	-0.288000
-0.01346700	-0.296000
-0.01346600	-0.288000
-0.01346500	-0.296000
-0.01346400	-0.280000
-0.01346300	-0.304000
-0.01346200	-0.288000
-0.01346100	-0.288000
-0.01346000	-0.288000
-0.01345900	-0.296000
-0.01345800	-0.280000
-0.01345700	-0.288000
-0.01345600	-0.288000
-0.01345500	-0.312000
-0.01345400	-0.280000
-0.01345300	-0.280000
-0.01345200	-0.272000
-0.01345100	-0.280000
-0.01345000	-0.280000
-0.01344900	-0.256000
-0.01344800	-0.280000
-0.01344700	-0.256000
-0.01344600	-0.256000
-0.01344500	-0.232000
-0.01344400	-0.256000
-0.01344300	-0.240000
-0.01344200	-0.240000
-0.01344100	-0.232000
-0.01344000	-0.224000
-0.01343900	-0.224000
-0.01343800	-0.216000
-0.01343700	-0.208000
-0.01343600	-0.208000
-0.01343500	-0.192000
-0.01343400	-0.184000
-0.01343300	-0.176000
-0.01343200	-0.176000
-0.01343100	-0.160000
-0.01343000	-0.168000
-0.01342900	-0.144000
-0.01342800	-0.144000
-0.01342700	-0.144000
-0.01342600	-0.120000
-0.01342500	-0.112000
-0.01342400	-0.112000
-0.01342300	-0.096000
-0.01342200	-0.088000
-0.01342100	-0.088000
-0.01342000	-0.064000
-0.01341900	-0.072000
-0.01341800	-0.056000
-0.01341700	-0.072000
-0.01341600	0.000000
-0.01341500	-0.040000
-0.01341400	-0.008000
-0.01341300	0.000000
-0.01341200	0.000000
-0.01341100	0.032000
-0.01341000	0.032000
-0.01340900	0.032000
-0.01340800	0.064000
-0.01340700	0.048000
-0.01340600	0.064000
-0.01340500	0.072000
-0.01340400	0.080000
-0.01340300	0.088000
-0.01340200	0.112000
-0.01340100	0.096000
-0.01340000	0.120000
-0.01339900	0.136000
-0.01339800	0.136000
-0.01339700	0.136000
-0.01339600	0.160000
-0.01339500	0.152000
-0.01339400	0.168000
-0.01339300	0.176000
-0.01339200	0.184000
-0.01339100	0.200000
-0.01339000	0.200000
-0.01338900	0.200000
-0.01338800	0.216000
-0.01338700	0.240000
-0.01338600	0.216000
-0.01338500	0.240000
-0.01338400	0.240000
-0.01338300	0.240000
-0.01338200	0.256000
-0.01338100	0.248000
-0.01338000	0.240000
-0.01337900	0.248000
-0.01337800	0.272000
-0.01337700	0.272000
-0.01337600	0.272000
-0.01337500	0.280000
-0.01337400	0.280000
-0.01337300	0.304000
-0.01337200	0.272000
-0.01337100	0.288000
-0.01337000	0.296000
-0.01336900	0.288000
-0.01336800	0.296000
-0.01336700	0.296000
-0.01336600	0.296000
-0.01336500	0.296000
-0.01336400	0.304000
-0.01336300	0.288000
-0.01336200	0.296000
-0.01336100	0.296000
-0.01336000	0.288000
-0.01335900	0.288000
-0.01335800	0.304000
-0.01335700	0.288000
-0.01335600	0.288000
-0.01335500	0.288000
-0.01335400	0.288000
-0.01335300	0.272000
-0.01335200	0.272000
-0.01335100	0.256000
-0.01335000	0.272000
-0.01334900	0.256000
-0.01334800	0.248000
-0.01334700	0.248000
-0.01334600	0.240000
-0.01334500	0.248000
-0.01334400	0.256000
-0.01334300	0.216000
-0.01334200	0.200000
-0.01334100	0.192000
-0.01334000	0.200000
-0.01333900	0.200000
-0.01333800	0.192000
-0.01333700	0.184000
-0.01333600	0.168000
-0.01333500	0.176000
-0.01333400	0.152000
-0.01333300	0.160000
-0.01333200	0.136000
-0.01333100	0.128000
-0.01333000	0.128000
-0.01332900	0.120000
-0.01332800	0.096000
-0.01332700	0.088000
-0.01332600	0.088000
-0.01332500	0.072000
-0.01332400	0.064000
-0.01332300	0.064000
-0.01332200	0.040000
-0.01332100	0.040000
-0.01332000	0.032000
-0.01331900	0.016000
-0.01331800	0.016000
-0.01331700	0.000000
-0.01331600	-0.008000
-0.01331500	-0.008000
-0.01331400	-0.040000
-0.01331300	-0.048000
-0.01331200	-0.040000
-0.01331100	-0.056000
-0.01331000	-0.072000
-0.01330900	-0.080000
-0.01330800	-0.088000
-0.01330700	-0.104000
-0.01330600	-0.104000
-0.01330500	-0.120000
-0.01330400	-0.120000
-0.01330300	-0.160000
-0.01330200	-0.144000
-0.01330100	-0.160000
-0.01330000	-0.160000
-0.01329900	-0.176000
-0.01329800	-0.176000
-0.01329700	-0.176000
-0.01329600	-0.192000
-0.01329500	-0.192000
-0.01329400	-0.200000
-0.01329300	-0.208000
-0.01329200	-0.216000
-0.01329100	-0.224000
-0.01329000	-0.240000
-0.01328900	-0.232000
-0.01328800	-0.240000
-0.01328700	-0.240000
-0.01328600	-0.256000
-0.01328500	-0.240000
-0.01328400	-0.256000
-0.01328300	-0.248000
-0.01328200	-0.256000
-0.01328100	-0.272000
-0.01328000	-0.256000
-0.01327900	-0.256000
-0.01327800	-0.280000
-0.01327700	-0.280000
-0.01327600	-0.280000
-0.01327500	-0.280000
-0.01327400	-0.280000
-0.01327300	-0.288000
-0.01327200	-0.288000
-0.01327100	-0.280000
-0.01327000	-0.280000
-0.01326900	-0.280000
-0.01326800	-0.280000
-0.01326700	-0.280000
-0.01326600	-0.248000
-0.01326500	-0.280000
-0.01326400	-0.272000
-0.01326300	-0.272000
-0.01326200	-0.248000
-0.01326100	-0.256000
-0.01326000	-0.248000
-0.01325900	-0.240000
-0.01325800	-0.248000
-0.01325700	-0.248000
-0.01325600	-0.224000
-0.01325500	-0.224000
-0.01325400	-0.216000
-0.01325300	-0.208000
-0.01325200	-0.216000
-0.01325100	-0.208000
-0.01325000	-0.184000
-0.01324900	-0.208000
-0.01324800	-0.176000
-0.01324700	-0.176000
-0.01324600	-0.176000
-0.01324500	-0.160000
-0.01324400	-0.152000
-0.01324300	-0.160000
-0.01324200	-0.120000
-0.01324100	-0.128000
-0.01324000	-0.120000
-0.01323900	-0.104000
-0.01323800	-0.104000
-0.01323700	-0.096000
-0.01323600	-0.088000
-0.01323500	-0.080000
-0.01323400	-0.072000
-0.01323300	-0.064000
-0.01323200	-0.056000
-0.01323100	-0.040000
-0.01323000	-0.040000
-0.01322900	-0.024000
-0.01322800	-0.024000
-0.01322700	0.008000
-0.01322600	0.000000
-0.01322500	0.008000
-0.01322400	0.032000
-0.01322300	0.024000
-0.01322200	0.032000
-0.01322100	0.064000
-0.01322000	0.040000
-0.01321900	0.072000
-0.01321800	0.064000
-0.01321700	0.088000
-0.01321600	0.088000
-0.01321500	0.096000
-0.01321400	0.088000
-0.01321300	0.128000
-0.01321200	0.120000
-0.01321100	0.128000
-0.01321000	0.136000
-0.01320900	0.136000
-0.01320800	0.152000
-0.01320700	0.160000
-0.01320600	0.160000
-0.01320500	0.168000
-0.01320400	0.176000
-0.01320300	0.168000
-0.01320200	0.176000
-0.01320100	0.192000
-0.01320000	0.192000
-0.01319900	0.184000
-0.01319800	0.208000
-0.01319700	0.200000
-0.01319600	0.216000
-0.01319500	0.200000
-0.01319400	0.216000
-0.01319300	0.216000
-0.01319200	0.232000
-0.01319100	0.232000
-0.01319000	0.240000
-0.01318900	0.240000
-0.01318800	0.232000
-0.01318700	0.232000
-0.01318600	0.240000
-0.01318500	0.216000
-0.01318400	0.240000
-0.01318300	0.240000
-0.01318200	0.216000
-0.01318100	0.248000
-0.01318000	0.232000
-0.01317900	0.240000
-0.01317800	0.232000
-0.01317700	0.240000
-0.01317600	0.216000
-0.01317500	0.232000
-0.01317400	0.216000
-0.01317300	0.216000
-0.01317200	0.216000
-0.01317100	0.208000
-0.01317000	0.200000
-0.01316900	0.208000
-0.01316800	0.200000
-0.01316700	0.200000
-0.01316600	0.192000
-0.01316500	0.192000
-0.01316400	0.184000
-0.01316300	0.184000
-0.01316200	0.176000
-0.01316100	0.160000
-0.01316000	0.168000
-0.01315900	0.152000
-0.01315800	0.152000
-0.01315700	0.144000
-0.01315600	0.120000
-0.01315500	0.136000
-0.01315400	0.136000
-0.01315300	0.112000
-0.01315200	0.128000
-0.01315100	0.096000
-0.01315000	0.088000
-0.01314900	0.064000
-0.01314800	0.088000
-0.01314700	0.080000
-0.01314600	0.064000
-0.01314500	0.056000
-0.01314400	0.040000
-0.01314300	0.048000
-0.01314200	0.032000
-0.01314100	0.024000
-0.01314000	0.024000
-0.01313900	0.016000
-0.01313800	0.000000
-0.01313700	0.000000
-0.01313600	-0.008000
-0.01313500	-0.024000
-0.01313400	-0.040000
-0.01313300	-0.040000
-0.01313200	-0.048000
-0.01313100	-0.056000
-0.01313000	-0.056000
-0.01312900	-0.072000
-0.01312800	-0.072000
-0.01312700	-0.080000
-0.01312600	-0.088000
-0.01312500	-0.088000
-0.01312400	-0.104000
-0.01312300	-0.104000
-0.01312200	-0.112000
-0.01312100	-0.120000
-0.01312000	-0.144000
-0.01311900	-0.128000
-0.01311800	-0.128000
-0.01311700	-0.144000
-0.01311600	-0.152000
-0.01311500	-0.168000
-0.01311400	-0.168000
-0.01311300	-0.192000
-0.01311200	-0.168000
-0.01311100	-0.176000
-0.01311000	-0.176000
-0.01310900	-0.184000
-0.01310800	-0.192000
-0.01310700	-0.200000
-0.01310600	-0.200000
-0.01310500	-0.208000
-0.01310400	-0.208000
-0.01310300	-0.216000
-0.01310200	-0.208000
-0.01310100	-0.216000
-0.01310000	-0.224000
-0.01309900	-0.216000
-0.01309800	-0.208000
-0.01309700	-0.232000
-0.01309600	-0.208000
-0.01309500	-0.240000
-0.01309400	-0.224000
-0.01309300	-0.216000
-0.01309200	-0.224000
-0.01309100	-0.232000
-0.01309000	-0.216000
-0.01308900	-0.224000
-0.01308800	-0.224000
-0.01308700	-0.224000
-0.01308600	-0.224000
-0.01308500	-0.216000
-0.01308400	-0.208000
-0.01308300	-0.224000
-0.01308200	-0.216000
-0.01308100	-0.208000
-0.01308000	-0.208000
-0.01307900	-0.208000
-0.01307800	-0.208000
-0.01307700	-0.184000
-0.01307600	-0.192000
-0.01307500	-0.176000
-0.01307400	-0.192000
-0.01307300	-0.176000
-0.01307200	-0.176000
-0.01307100	-0.176000
-0.01307000	-0.168000
-0.01306900	-0.152000
-0.01306800	-0.160000
-0.01306700	-0.160000
-0.01306600	-0.144000
-0.01306500	-0.144000
-0.01306400	-0.120000
-0.01306300	-0.120000
-0.01306200	-0.120000
-0.01306100	-0.112000
-0.01306000	-0.104000
-0.01305900	-0.104000
-0.01305800	-0.096000
-0.01305700	-0.088000
-0.01305600	-0.080000
-0.01305500	-0.072000
-0.01305400	-0.072000
-0.01305300	-0.072000
-0.01305200	-0.048000
-0.01305100	-0.048000
-0.01305000	-0.040000
-0.01304900	-0.040000
-0.01304800	-0.024000
-0.01304700	-0.024000
-0.01304600	0.000000
-0.01304500	0.000000
-0.01304400	0.000000
-0.01304300	0.016000
-0.01304200	0.016000
-0.01304100	0.024000
-0.01304000	0.032000
-0.01303900	0.032000
-0.01303800	0.024000
-0.01303700	0.064000
-0.01303600	0.056000
-0.01303500	0.064000
-0.01303400	0.064000
-0.01303300	0.072000
-0.01303200	0.088000
-0.01303100	0.088000
-0.01303000	0.088000
-0.01302900	0.112000
-0.01302800	0.120000
-0.01302700	0.120000
-0.01302600	0.112000
-0.01302500	0.136000
-0.01302400	0.128000
-0.01302300	0.144000
-0.01302200	0.136000
-0.01302100	0.152000
-0.01302000	0.152000
-0.01301900	0.168000
-0.01301800	0.160000
-0.01301700	0.176000
-0.01301600	0.176000
-0.01301500	0.184000
-0.01301400	0.192000
-0.01301300	0.184000
-0.01301200	0.184000
-0.01301100	0.200000
-0.01301000	0.192000
-0.01300900	0.192000
-0.01300800	0.208000
-0.01300700	0.200000
-0.01300600	0.216000
-0.01300500	0.216000
-0.01300400	0.216000
-0.01300300	0.216000
-0.01300200	0.240000
-0.01300100	0.216000
-0.01300000	0.216000
-0.01299900	0.216000
-0.01299800	0.240000
-0.01299700	0.216000
-0.01299600	0.232000
-0.01299500	0.240000
-0.01299400	0.232000
-0.01299300	0.240000
-0.01299200	0.232000
-0.01299100	0.240000
-0.01299000	0.240000
-0.01298900	0.240000
-0.01298800	0.232000
-0.01298700	0.240000
-0.01298600	0.232000
-0.01298500	0.232000
-0.01298400	0.232000
-0.01298300	0.200000
-0.01298200	0.232000
-0.01298100	0.232000
-0.01298000	0.208000
-0.01297900	0.216000
-0.01297800	0.216000
-0.01297700	0.200000
-0.01297600	0.208000
-0.01297500	0.200000
-0.01297400	0.192000
-0.01297300	0.200000
-0.01297200	0.192000
-0.01297100	0.184000
-0.01297000	0.184000
-0.01296900	0.176000
-0.01296800	0.184000
-0.01296700	0.176000
-0.01296600	0.168000
-0.01296500	0.152000
-0.01296400	0.168000
-0.01296300	0.152000
-0.01296200	0.136000
-0.01296100	0.152000
-0.01296000	0.120000
-0.01295900	0.128000
-0.01295800	0.136000
-0.01295700	0.112000
-0.01295600	0.120000
-0.01295500	0.096000
-0.01295400	0.112000
-0.01295300	0.088000
-0.01295200	0.096000
-0.01295100	0.064000
-0.01295000	0.064000
-0.01294900	0.064000
-0.01294800	0.056000
-0.01294700	0.048000
-0.01294600	0.048000
-0.01294500	0.032000
-0.01294400	0.032000
-0.01294300	0.024000
-0.01294200	0.016000
-0.01294100	0.016000
-0.01294000	0.016000
-0.01293900	0.000000
-0.01293800	0.000000
-0.01293700	-0.024000
-0.01293600	-0.032000
-0.01293500	-0.040000
-0.01293400	-0.040000
-0.01293300	-0.056000
-0.01293200	-0.056000
-0.01293100	-0.072000
-0.01293000	-0.072000
-0.01292900	-0.072000
-0.01292800	-0.088000
-0.01292700	-0.104000
-0.01292600	-0.120000
-0.01292500	-0.080000
-0.01292400	-0.120000
-0.01292300	-0.120000
-0.01292200	-0.120000
-0.01292100	-0.144000
-0.01292000	-0.120000
-0.01291900	-0.144000
-0.01291800	-0.160000
-0.01291700	-0.152000
-0.01291600	-0.176000
-0.01291500	-0.176000
-0.01291400	-0.184000
-0.01291300	-0.184000
-0.01291200	-0.192000
-0.01291100	-0.176000
-0.01291000	-0.216000
-0.01290900	-0.208000
-0.01290800	-0.208000
-0.01290700	-0.224000
-0.01290600	-0.216000
-0.01290500	-0.224000
-0.01290400	-0.232000
-0.01290300	-0.232000
-0.01290200	-0.240000
-0.01290100	-0.240000
-0.01290000	-0.248000
-0.01289900	-0.248000
-0.01289800	-0.256000
-0.01289700	-0.256000
-0.01289600	-0.248000
-0.01289500	-0.280000
-0.01289400	-0.256000
-0.01289300	-0.272000
-0.01289200	-0.280000
-0.01289100	-0.272000
-0.01289000	-0.272000
-0.01288900	-0.288000
-0.01288800	-0.256000
-0.01288700	-0.288000
-0.01288600	-0.280000
-0.01288500	-0.280000
-0.01288400	-0.280000
-0.01288300	-0.280000
-0.01288200	-0.280000
-0.01288100	-0.280000
-0.01288000	-0.296000
-0.01287900	-0.256000
-0.01287800	-0.288000
-0.01287700	-0.280000
-0.01287600	-0.280000
-0.01287500	-0.272000
-0.01287400	-0.280000
-0.01287300	-0.256000
-0.01287200	-0.280000
-0.01287100	-0.256000
-0.01287000	-0.256000
-0.01286900	-0.256000
-0.01286800	-0.256000
-0.01286700	-0.248000
-0.01286600	-0.248000
-0.01286500	-0.240000
-0.01286400	-0.240000
-0.01286300	-0.232000
-0.01286200	-0.232000
-0.01286100	-0.224000
-0.01286000	-0.232000
-0.01285900	-0.208000
-0.01285800	-0.208000
-0.01285700	-0.208000
-0.01285600	-0.208000
-0.01285500	-0.192000
-0.01285400	-0.184000
-0.01285300	-0.176000
-0.01285200	-0.168000
-0.01285100	-0.192000
-0.01285000	-0.152000
-0.01284900	-0.160000
-0.01284800	-0.144000
-0.01284700	-0.128000
-0.01284600	-0.144000
-0.01284500	-0.112000
-0.01284400	-0.104000
-0.01284300	-0.104000
-0.01284200	-0.096000
-0.01284100	-0.080000
-0.01284000	-0.080000
-0.01283900	-0.080000
-0.01283800	-0.072000
-0.01283700	-0.056000
-0.01283600	-0.056000
-0.01283500	-0.032000
-0.01283400	-0.032000
-0.01283300	-0.024000
-0.01283200	0.000000
-0.01283100	-0.008000
-0.01283000	0.016000
-0.01282900	0.016000
-0.01282800	0.016000
-0.01282700	0.032000
-0.01282600	0.040000
-0.01282500	0.048000
-0.01282400	0.040000
-0.01282300	0.064000
-0.01282200	0.064000
-0.01282100	0.088000
-0.01282000	0.080000
-0.01281900	0.096000
-0.01281800	0.112000
-0.01281700	0.120000
-0.01281600	0.128000
-0.01281500	0.136000
-0.01281400	0.136000
-0.01281300	0.136000
-0.01281200	0.168000
-0.01281100	0.160000
-0.01281000	0.168000
-0.01280900	0.176000
-0.01280800	0.184000
-0.01280700	0.192000
-0.01280600	0.200000
-0.01280500	0.200000
-0.01280400	0.216000
-0.01280300	0.216000
-0.01280200	0.232000
-0.01280100	0.232000
-0.01280000	0.248000
-0.01279900	0.240000
-0.01279800	0.248000
-0.01279700	0.256000
-0.01279600	0.264000
-0.01279500	0.240000
-0.01279400	0.272000
-0.01279300	0.272000
-0.01279200	0.280000
-0.01279100	0.272000
-0.01279000	0.280000
-0.01278900	0.288000
-0.01278800	0.296000
-0.01278700	0.288000
-0.01278600	0.304000
-0.01278500	0.296000
-0.01278400	0.304000
-0.01278300	0.304000
-0.01278200	0.304000
-0.01278100	0.296000
-0.01278000	0.304000
-0.01277900	0.304000
-0.01277800	0.296000
-0.01277700	0.304000
-0.01277600	0.304000
-0.01277500	0.288000
-0.01277400	0.312000
-0.01277300	0.312000
-0.01277200	0.296000
-0.01277100	0.304000
-0.01277000	0.296000
-0.01276900	0.304000
-0.01276800	0.296000
-0.01276700	0.296000
-0.01276600	0.280000
-0.01276500	0.296000
-0.01276400	0.288000
-0.01276300	0.272000
-0.01276200	0.288000
-0.01276100	0.272000
-0.01276000	0.272000
-0.01275900	0.272000
-0.01275800	0.256000
-0.01275700	0.264000
-0.01275600	0.264000
-0.01275500	0.240000
-0.01275400	0.240000
-0.01275300	0.240000
-0.01275200	0.216000
-0.01275100	0.232000
-0.01275000	0.216000
-0.01274900	0.200000
-0.01274800	0.208000
-0.01274700	0.192000
-0.01274600	0.184000
-0.01274500	0.176000
-0.01274400	0.184000
-0.01274300	0.168000
-0.01274200	0.168000
-0.01274100	0.152000
-0.01274000	0.144000
-0.01273900	0.136000
-0.01273800	0.120000
-0.01273700	0.080000
-0.01273600	0.128000
-0.01273500	0.096000
-0.01273400	0.088000
-0.01273300	0.080000
-0.01273200	0.056000
-0.01273100	0.064000
-0.01273000	0.064000
-0.01272900	0.032000
-0.01272800	0.032000
-0.01272700	0.032000
-0.01272600	0.024000
-0.01272500	0.016000
-0.01272400	0.000000
-0.01272300	-0.040000
-0.01272200	0.000000
-0.01272100	-0.032000
-0.01272000	-0.048000
-0.01271900	-0.040000
-0.01271800	-0.048000
-0.01271700	-0.064000
-0.01271600	-0.072000
-0.01271500	-0.080000
-0.01271400	-0.088000
-0.01271300	-0.104000
-0.01271200	-0.104000
-0.01271100	-0.120000
-0.01271000	-0.120000
-0.01270900	-0.144000
-0.01270800	-0.144000
-0.01270700	-0.144000
-0.01270600	-0.160000
-0.01270500	-0.168000
-0.01270400	-0.176000
-0.01270300	-0.184000
-0.01270200	-0.192000
-0.01270100	-0.192000
-0.01270000	-0.216000
-0.01269900	-0.240000
-0.01269800	-0.208000
-0.01269700	-0.224000
-0.01269600	-0.224000
-0.01269500	-0.232000
-0.01269400	-0.240000
-0.01269300	-0.232000
-0.01269200	-0.240000
-0.01269100	-0.256000
-0.01269000	-0.256000
-0.01268900	-0.256000
-0.01268800	-0.280000
-0.01268700	-0.280000
-0.01268600	-0.280000
-0.01268500	-0.280000
-0.01268400	-0.280000
-0.01268300	-0.288000
-0.01268200	-0.288000
-0.01268100	-0.288000
-0.01268000	-0.304000
-0.01267900	-0.296000
-0.01267800	-0.296000
-0.01267700	-0.296000
-0.01267600	-0.304000
-0.01267500	-0.304000
-0.01267400	-0.296000
-0.01267300	-0.304000
-0.01267200	-0.304000
-0.01267100	-0.304000
-0.01267000	-0.312000
-0.01266900	-0.296000
-0.01266800	-0.296000
-0.01266700	-0.296000
-0.01266600	-0.296000
-0.01266500	-0.280000
-0.01266400	-0.288000
-0.01266300	-0.280000
-0.01266200	-0.304000
-0.01266100	-0.304000
-0.01266000	-0.272000
-0.01265900	-0.280000
-0.01265800	-0.280000
-0.01265700	-0.256000
-0.01265600	-0.280000
-0.01265500	-0.248000
-0.01265400	-0.256000
-0.01265300	-0.248000
-0.01265200	-0.240000
-0.01265100	-0.240000
-0.01265000	-0.232000
-0.01264900	-0.232000
-0.01264800	-0.216000
-0.01264700	-0.224000
-0.01264600	-0.208000
-0.01264500	-0.208000
-0.01264400	-0.192000
-0.01264300	-0.184000
-0.01264200	-0.176000
-0.01264100	-0.184000
-0.01264000	-0.176000
-0.01263900	-0.160000
-0.01263800	-0.160000
-0.01263700	-0.152000
-0.01263600	-0.128000
-0.01263500	-0.144000
-0.01263400	-0.104000
-0.01263300	-0.120000
-0.01263200	-0.104000
-0.01263100	-0.096000
-0.01263000	-0.088000
-0.01262900	-0.088000
-0.01262800	-0.072000
-0.01262700	-0.072000
-0.01262600	-0.056000
-0.01262500	-0.048000
-0.01262400	-0.048000
-0.01262300	-0.056000
-0.01262200	0.008000
-0.01262100	-0.024000
-0.01262000	0.000000
-0.01261900	0.008000
-0.01261800	0.000000
-0.01261700	0.024000
-0.01261600	0.024000
-0.01261500	0.032000
-0.01261400	0.040000
-0.01261300	0.056000
-0.01261200	0.064000
-0.01261100	0.064000
-0.01261000	0.072000
-0.01260900	0.088000
-0.01260800	0.080000
-0.01260700	0.120000
-0.01260600	0.096000
-0.01260500	0.112000
-0.01260400	0.128000
-0.01260300	0.128000
-0.01260200	0.144000
-0.01260100	0.152000
-0.01260000	0.152000
-0.01259900	0.160000
-0.01259800	0.168000
-0.01259700	0.168000
-0.01259600	0.176000
-0.01259500	0.176000
-0.01259400	0.192000
-0.01259300	0.208000
-0.01259200	0.192000
-0.01259100	0.200000
-0.01259000	0.216000
-0.01258900	0.208000
-0.01258800	0.216000
-0.01258700	0.216000
-0.01258600	0.232000
-0.01258500	0.200000
-0.01258400	0.248000
-0.01258300	0.240000
-0.01258200	0.248000
-0.01258100	0.272000
-0.01258000	0.240000
-0.01257900	0.264000
-0.01257800	0.256000
-0.01257700	0.256000
-0.01257600	0.264000
-0.01257500	0.264000
-0.01257400	0.264000
-0.01257300	0.272000
-0.01257200	0.272000
-0.01257100	0.264000
-0.01257000	0.272000
-0.01256900	0.272000
-0.01256800	0.272000
-0.01256700	0.264000
-0.01256600	0.272000
-0.01256500	0.272000
-0.01256400	0.272000
-0.01256300	0.264000
-0.01256200	0.264000
-0.01256100	0.272000
-0.01256000	0.264000
-0.01255900	0.256000
-0.01255800	0.264000
-0.01255700	0.256000
-0.01255600	0.248000
-0.01255500	0.248000
-0.01255400	0.248000
-0.01255300	0.240000
-0.01255200	0.240000
-0.01255100	0.232000
-0.01255000	0.232000
-0.01254900	0.208000
-0.01254800	0.216000
-0.01254700	0.200000
-0.01254600	0.232000
-0.01254500	0.200000
-0.01254400	0.200000
-0.01254300	0.192000
-0.01254200	0.184000
-0.01254100	0.184000
-0.01254000	0.176000
-0.01253900	0.168000
-0.01253800	0.168000
-0.01253700	0.160000
-0.01253600	0.152000
-0.01253500	0.120000
-0.01253400	0.144000
-0.01253300	0.120000
-0.01253200	0.128000
-0.01253100	0.096000
-0.01253000	0.096000
-0.01252900	0.088000
-0.01252800	0.096000
-0.01252700	0.064000
-0.01252600	0.064000
-0.01252500	0.064000
-0.01252400	0.048000
-0.01252300	0.040000
-0.01252200	0.032000
-0.01252100	0.016000
-0.01252000	0.032000
-0.01251900	0.016000
-0.01251800	0.000000
-0.01251700	0.000000
-0.01251600	-0.008000
-0.01251500	-0.024000
-0.01251400	-0.040000
-0.01251300	-0.040000
-0.01251200	-0.056000
-0.01251100	-0.072000
-0.01251000	-0.056000
-0.01250900	-0.056000
-0.01250800	-0.080000
-0.01250700	-0.088000
-0.01250600	-0.112000
-0.01250500	-0.104000
-0.01250400	-0.112000
-0.01250300	-0.120000
-0.01250200	-0.120000
-0.01250100	-0.144000
-0.01250000	-0.152000
-0.01249900	-0.152000
-0.01249800	-0.176000
-0.01249700	-0.176000
-0.01249600	-0.176000
-0.01249500	-0.208000
-0.01249400	-0.192000
-0.01249300	-0.208000
-0.01249200	-0.208000
-0.01249100	-0.216000
-0.01249000	-0.208000
-0.01248900	-0.240000
-0.01248800	-0.224000
-0.01248700	-0.240000
-0.01248600	-0.240000
-0.01248500	-0.248000
-0.01248400	-0.248000
-0.01248300	-0.256000
-0.01248200	-0.256000
-0.01248100	-0.256000
-0.01248000	-0.280000
-0.01247900	-0.280000
-0.01247800	-0.280000
-0.01247700	-0.280000
-0.01247600	-0.280000
-0.01247500	-0.280000
-0.01247400	-0.296000
-0.01247300	-0.288000
-0.01247200	-0.288000
-0.01247100	-0.296000
-0.01247000	-0.296000
-0.01246900	-0.296000
-0.01246800	-0.288000
-0.01246700	-0.288000
-0.01246600	-0.288000
-0.01246500	-0.296000
-0.01246400	-0.288000
-0.01246300	-0.280000
-0.01246200	-0.296000
-0.01246100	-0.280000
-0.01246000	-0.288000
-0.01245900	-0.288000
-0.01245800	-0.280000
-0.01245700	-0.288000
-0.01245600	-0.280000
-0.01245500	-0.272000
-0.01245400	-0.272000
-0.01245300	-0.256000
-0.01245200	-0.256000
-0.01245100	-0.248000
-0.01245000	-0.240000
-0.01244900	-0.232000
-0.01244800	-0.240000
-0.01244700	-0.240000
-0.01244600	-0.224000
-0.01244500	-0.224000
-0.01244400	-0.208000
-0.01244300	-0.208000
-0.01244200	-0.208000
-0.01244100	-0.192000
-0.01244000	-0.184000
-0.01243900	-0.184000
-0.01243800	-0.176000
-0.01243700	-0.152000
-0.01243600	-0.144000
-0.01243500	-0.120000
-0.01243400	-0.104000
-0.01243300	-0.128000
-0.01243200	-0.120000
-0.01243100	-0.104000
-0.01243000	-0.104000
-0.01242900	-0.080000
-0.01242800	-0.072000
-0.01242700	-0.072000
-0.01242600	-0.040000
-0.01242500	-0.048000
-0.01242400	-0.024000
-0.01242300	-0.032000
-0.01242200	-0.008000
-0.01242100	0.000000
-0.01242000	0.024000
-0.01241900	0.008000
-0.01241800	0.032000
-0.01241700	0.032000
-0.01241600	0.056000
-0.01241500	0.064000
-0.01241400	0.064000
-0.01241300	0.080000
-0.01241200	0.088000
-0.01241100	0.096000
-0.01241000	0.096000
-0.01240900	0.128000
-0.01240800	0.136000
-0.01240700	0.136000
-0.01240600	0.152000
-0.01240500	0.168000
-0.01240400	0.160000
-0.01240300	0.184000
-0.01240200	0.192000
-0.01240100	0.200000
-0.01240000	0.208000
-0.01239900	0.216000
-0.01239800	0.216000
-0.01239700	0.256000
-0.01239600	0.264000
-0.01239500	0.240000
-0.01239400	0.248000
-0.01239300	0.264000
-0.01239200	0.272000
-0.01239100	0.296000
-0.01239000	0.272000
-0.01238900	0.280000
-0.01238800	0.304000
-0.01238700	0.296000
-0.01238600	0.312000
-0.01238500	0.304000
-0.01238400	0.312000
-0.01238300	0.320000
-0.01238200	0.312000
-0.01238100	0.312000
-0.01238000	0.328000
-0.01237900	0.328000
-0.01237800	0.336000
-0.01237700	0.336000
-0.01237600	0.360000
-0.01237500	0.328000
-0.01237400	0.344000
-0.01237300	0.336000
-0.01237200	0.336000
-0.01237100	0.344000
-0.01237000	0.336000
-0.01236900	0.328000
-0.01236800	0.344000
-0.01236700	0.336000
-0.01236600	0.336000
-0.01236500	0.336000
-0.01236400	0.328000
-0.01236300	0.328000
-0.01236200	0.336000
-0.01236100	0.320000
-0.01236000	0.304000
-0.01235900	0.336000
-0.01235800	0.304000
-0.01235700	0.304000
-0.01235600	0.296000
-0.01235500	0.312000
-0.01235400	0.288000
-0.01235300	0.288000
-0.01235200	0.272000
-0.01235100	0.264000
-0.01235000	0.272000
-0.01234900	0.248000
-0.01234800	0.256000
-0.01234700	0.240000
-0.01234600	0.216000
-0.01234500	0.216000
-0.01234400	0.216000
-0.01234300	0.200000
-0.01234200	0.200000
-0.01234100	0.184000
-0.01234000	0.168000
-0.01233900	0.176000
-0.01233800	0.152000
-0.01233700	0.136000
-0.01233600	0.128000
-0.01233500	0.120000
-0.01233400	0.096000
-0.01233300	0.112000
-0.01233200	0.080000
-0.01233100	0.064000
-0.01233000	0.064000
-0.01232900	0.040000
-0.01232800	0.032000
-0.01232700	0.032000
-0.01232600	0.024000
-0.01232500	-0.008000
-0.01232400	0.000000
-0.01232300	-0.032000
-0.01232200	-0.040000
-0.01232100	-0.032000
-0.01232000	-0.072000
-0.01231900	-0.080000
-0.01231800	-0.104000
-0.01231700	-0.104000
-0.01231600	-0.120000
-0.01231500	-0.120000
-0.01231400	-0.144000
-0.01231300	-0.144000
-0.01231200	-0.144000
-0.01231100	-0.176000
-0.01231000	-0.184000
-0.01230900	-0.192000
-0.01230800	-0.216000
-0.01230700	-0.224000
-0.01230600	-0.232000
-0.01230500	-0.240000
-0.01230400	-0.248000
-0.01230300	-0.248000
-0.01230200	-0.280000
-0.01230100	-0.280000
-0.01230000	-0.296000
-0.01229900	-0.304000
-0.01229800	-0.304000
-0.01229700	-0.296000
-0.01229600	-0.328000
-0.01229500	-0.328000
-0.01229400	-0.336000
-0.01229300	-0.344000
-0.01229200	-0.344000
-0.01229100	-0.352000
-0.01229000	-0.368000
-0.01228900	-0.368000
-0.01228800	-0.376000
-0.01228700	-0.376000
-0.01228600	-0.376000
-0.01228500	-0.392000
-0.01228400	-0.400000
-0.01228300	-0.392000
-0.01228200	-0.376000
-0.01228100	-0.408000
-0.01228000	-0.408000
-0.01227900	-0.400000
-0.01227800	-0.408000
-0.01227700	-0.400000
-0.01227600	-0.400000
-0.01227500	-0.432000
-0.01227400	-0.392000
-0.01227300	-0.416000
-0.01227200	-0.400000
-0.01227100	-0.400000
-0.01227000	-0.400000
-0.01226900	-0.400000
-0.01226800	-0.376000
-0.01226700	-0.392000
-0.01226600	-0.376000
-0.01226500	-0.376000
-0.01226400	-0.376000
-0.01226300	-0.360000
-0.01226200	-0.360000
-0.01226100	-0.360000
-0.01226000	-0.344000
-0.01225900	-0.344000
-0.01225800	-0.336000
-0.01225700	-0.328000
-0.01225600	-0.312000
-0.01225500	-0.312000
-0.01225400	-0.312000
-0.01225300	-0.296000
-0.01225200	-0.288000
-0.01225100	-0.280000
-0.01225000	-0.256000
-0.01224900	-0.256000
-0.01224800	-0.240000
-0.01224700	-0.240000
-0.01224600	-0.240000
-0.01224500	-0.208000
-0.01224400	-0.208000
-0.01224300	-0.192000
-0.01224200	-0.192000
-0.01224100	-0.168000
-0.01224000	-0.168000
-0.01223900	-0.144000
-0.01223800	-0.128000
-0.01223700	-0.128000
-0.01223600	-0.096000
-0.01223500	-0.104000
-0.01223400	-0.080000
-0.01223300	-0.072000
-0.01223200	-0.064000
-0.01223100	-0.040000
-0.01223000	-0.032000
-0.01222900	-0.032000
-0.01222800	0.000000
-0.01222700	0.000000
-0.01222600	0.032000
-0.01222500	0.024000
-0.01222400	0.048000
-0.01222300	0.056000
-0.01222200	0.072000
-0.01222100	0.080000
-0.01222000	0.096000
-0.01221900	0.112000
-0.01221800	0.120000
-0.01221700	0.112000
-0.01221600	0.160000
-0.01221500	0.160000
-0.01221400	0.168000
-0.01221300	0.184000
-0.01221200	0.184000
-0.01221100	0.200000
-0.01221000	0.200000
-0.01220900	0.232000
-0.01220800	0.232000
-0.01220700	0.240000
-0.01220600	0.264000
-0.01220500	0.272000
-0.01220400	0.272000
-0.01220300	0.272000
-0.01220200	0.296000
-0.01220100	0.304000
-0.01220000	0.304000
-0.01219900	0.304000
-0.01219800	0.312000
-0.01219700	0.320000
-0.01219600	0.320000
-0.01219500	0.336000
-0.01219400	0.344000
-0.01219300	0.344000
-0.01219200	0.368000
-0.01219100	0.360000
-0.01219000	0.376000
-0.01218900	0.376000
-0.01218800	0.368000
-0.01218700	0.392000
-0.01218600	0.384000
-0.01218500	0.376000
-0.01218400	0.392000
-0.01218300	0.376000
-0.01218200	0.384000
-0.01218100	0.376000
-0.01218000	0.392000
-0.01217900	0.384000
-0.01217800	0.392000
-0.01217700	0.392000
-0.01217600	0.392000
-0.01217500	0.384000
-0.01217400	0.376000
-0.01217300	0.392000
-0.01217200	0.384000
-0.01217100	0.376000
-0.01217000	0.368000
-0.01216900	0.384000
-0.01216800	0.376000
-0.01216700	0.360000
-0.01216600	0.360000
-0.01216500	0.360000
-0.01216400	0.336000
-0.01216300	0.336000
-0.01216200	0.336000
-0.01216100	0.320000
-0.01216000	0.320000
-0.01215900	0.304000
-0.01215800	0.304000
-0.01215700	0.288000
-0.01215600	0.296000
-0.01215500	0.288000
-0.01215400	0.272000
-0.01215300	0.272000
-0.01215200	0.264000
-0.01215100	0.248000
-0.01215000	0.240000
-0.01214900	0.232000
-0.01214800	0.232000
-0.01214700	0.208000
-0.01214600	0.200000
-0.01214500	0.184000
-0.01214400	0.184000
-0.01214300	0.192000
-0.01214200	0.152000
-0.01214100	0.152000
-0.01214000	0.136000
-0.01213900	0.136000
-0.01213800	0.120000
-0.01213700	0.112000
-0.01213600	0.096000
-0.01213500	0.080000
-0.01213400	0.088000
-0.01213300	0.064000
-0.01213200	0.056000
-0.01213100	0.056000
-0.01213000	0.032000
-0.01212900	0.032000
-0.01212800	0.008000
-0.01212700	0.000000
-0.01212600	-0.008000
-0.01212500	-0.040000
-0.01212400	-0.024000
-0.01212300	-0.056000
-0.01212200	-0.056000
-0.01212100	-0.072000
-0.01212000	-0.080000
-0.01211900	-0.088000
-0.01211800	-0.096000
-0.01211700	-0.104000
-0.01211600	-0.096000
-0.01211500	-0.144000
-0.01211400	-0.128000
-0.01211300	-0.152000
-0.01211200	-0.160000
-0.01211100	-0.160000
-0.01211000	-0.184000
-0.01210900	-0.184000
-0.01210800	-0.192000
-0.01210700	-0.192000
-0.01210600	-0.208000
-0.01210500	-0.208000
-0.01210400	-0.224000
-0.01210300	-0.224000
-0.01210200	-0.224000
-0.01210100	-0.248000
-0.01210000	-0.248000
-0.01209900	-0.240000
-0.01209800	-0.280000
-0.01209700	-0.272000
-0.01209600	-0.280000
-0.01209500	-0.280000
-0.01209400	-0.296000
-0.01209300	-0.280000
-0.01209200	-0.296000
-0.01209100	-0.280000
-0.01209000	-0.288000
-0.01208900	-0.312000
-0.01208800	-0.312000
-0.01208700	-0.296000
-0.01208600	-0.312000
-0.01208500	-0.312000
-0.01208400	-0.312000
-0.01208300	-0.312000
-0.01208200	-0.312000
-0.01208100	-0.312000
-0.01208000	-0.320000
-0.01207900	-0.320000
-0.01207800	-0.312000
-0.01207700	-0.320000
-0.01207600	-0.328000
-0.01207500	-0.312000
-0.01207400	-0.320000
-0.01207300	-0.296000
-0.01207200	-0.328000
-0.01207100	-0.336000
-0.01207000	-0.312000
-0.01206900	-0.312000
-0.01206800	-0.312000
-0.01206700	-0.304000
-0.01206600	-0.296000
-0.01206500	-0.296000
-0.01206400	-0.296000
-0.01206300	-0.288000
-0.01206200	-0.288000
-0.01206100	-0.280000
-0.01206000	-0.280000
-0.01205900	-0.280000
-0.01205800	-0.272000
-0.01205700	-0.248000
-0.01205600	-0.240000
-0.01205500	-0.232000
-0.01205400	-0.248000
-0.01205300	-0.248000
-0.01205200	-0.224000
-0.01205100	-0.224000
-0.01205000	-0.224000
-0.01204900	-0.208000
-0.01204800	-0.216000
-0.01204700	-0.192000
-0.01204600	-0.192000
-0.01204500	-0.176000
-0.01204400	-0.192000
-0.01204300	-0.160000
-0.01204200	-0.176000
-0.01204100	-0.144000
-0.01204000	-0.152000
-0.01203900	-0.144000
-0.01203800	-0.128000
-0.01203700	-0.112000
-0.01203600	-0.120000
-0.01203500	-0.112000
-0.01203400	-0.096000
-0.01203300	-0.088000
-0.01203200	-0.088000
-0.01203100	-0.072000
-0.01203000	-0.088000
-0.01202900	-0.056000
-0.01202800	-0.056000
-0.01202700	-0.048000
-0.01202600	-0.032000
-0.01202500	-0.040000
-0.01202400	-0.024000
-0.01202300	-0.008000
-0.01202200	0.000000
-0.01202100	0.008000
-0.01202000	0.024000
-0.01201900	0.016000
-0.01201800	0.032000
-0.01201700	0.032000
-0.01201600	0.056000
-0.01201500	0.040000
-0.01201400	0.064000
-0.01201300	0.064000
-0.01201200	0.064000
-0.01201100	0.088000
-0.01201000	0.080000
-0.01200900	0.096000
-0.01200800	0.120000
-0.01200700	0.112000
-0.01200600	0.120000
-0.01200500	0.128000
-0.01200400	0.128000
-0.01200300	0.136000
-0.01200200	0.144000
-0.01200100	0.136000
-0.01200000	0.168000
-0.01199900	0.160000
-0.01199800	0.168000
-0.01199700	0.168000
-0.01199600	0.176000
-0.01199500	0.184000
-0.01199400	0.184000
-0.01199300	0.192000
-0.01199200	0.192000
-0.01199100	0.200000
-0.01199000	0.200000
-0.01198900	0.200000
-0.01198800	0.200000
-0.01198700	0.200000
-0.01198600	0.216000
-0.01198500	0.232000
-0.01198400	0.232000
-0.01198300	0.232000
-0.01198200	0.240000
-0.01198100	0.248000
-0.01198000	0.248000
-0.01197900	0.240000
-0.01197800	0.240000
-0.01197700	0.240000
-0.01197600	0.248000
-0.01197500	0.240000
-0.01197400	0.248000
-0.01197300	0.240000
-0.01197200	0.272000
-0.01197100	0.240000
-0.01197000	0.264000
-0.01196900	0.240000
-0.01196800	0.256000
-0.01196700	0.248000
-0.01196600	0.248000
-0.01196500	0.240000
-0.01196400	0.256000
-0.01196300	0.240000
-0.01196200	0.248000
-0.01196100	0.240000
-0.01196000	0.240000
-0.01195900	0.240000
-0.01195800	0.216000
-0.01195700	0.232000
-0.01195600	0.240000
-0.01195500	0.232000
-0.01195400	0.216000
-0.01195300	0.216000
-0.01195200	0.216000
-0.01195100	0.216000
-0.01195000	0.200000
-0.01194900	0.200000
-0.01194800	0.192000
-0.01194700	0.200000
-0.01194600	0.192000
-0.01194500	0.184000
-0.01194400	0.184000
-0.01194300	0.192000
-0.01194200	0.152000
-0.01194100	0.184000
-0.01194000	0.168000
-0.01193900	0.152000
-0.01193800	0.160000
-0.01193700	0.152000
-0.01193600	0.136000
-0.01193500	0.144000
-0.01193400	0.128000
-0.01193300	0.128000
-0.01193200	0.120000
-0.01193100	0.136000
-0.01193000	0.112000
-0.01192900	0.120000
-0.01192800	0.080000
-0.01192700	0.088000
-0.01192600	0.080000
-0.01192500	0.064000
-0.01192400	0.064000
-0.01192300	0.064000
-0.01192200	0.056000
-0.01192100	0.048000
-0.01192000	0.048000
-0.01191900	0.032000
-0.01191800	0.032000
-0.01191700	0.024000
-0.01191600	0.016000
-0.01191500	0.016000
-0.01191400	0.016000
-0.01191300	-0.008000
-0.01191200	-0.024000
-0.01191100	-0.024000
-0.01191000	-0.032000
-0.01190900	-0.024000
-0.01190800	-0.040000
-0.01190700	-0.048000
-0.01190600	-0.040000
-0.01190500	-0.056000
-0.01190400	-0.072000
-0.01190300	-0.072000
-0.01190200	-0.072000
-0.01190100	-0.088000
-0.01190000	-0.072000
-0.01189900	-0.088000
-0.01189800	-0.112000
-0.01189700	-0.088000
-0.01189600	-0.120000
-0.01189500	-0.112000
-0.01189400	-0.120000
-0.01189300	-0.120000
-0.01189200	-0.144000
-0.01189100	-0.128000
-0.01189000	-0.144000
-0.01188900	-0.144000
-0.01188800	-0.144000
-0.01188700	-0.144000
-0.01188600	-0.168000
-0.01188500	-0.168000
-0.01188400	-0.176000
-0.01188300	-0.176000
-0.01188200	-0.176000
-0.01188100	-0.176000
-0.01188000	-0.176000
-0.01187900	-0.184000
-0.01187800	-0.192000
-0.01187700	-0.184000
-0.01187600	-0.184000
-0.01187500	-0.208000
-0.01187400	-0.192000
-0.01187300	-0.208000
-0.01187200	-0.200000
-0.01187100	-0.216000
-0.01187000	-0.216000
-0.01186900	-0.208000
-0.01186800	-0.184000
-0.01186700	-0.224000
-0.01186600	-0.208000
-0.01186500	-0.216000
-0.01186400	-0.200000
-0.01186300	-0.216000
-0.01186200	-0.216000
-0.01186100	-0.208000
-0.01186000	-0.224000
-0.01185900	-0.208000
-0.01185800	-0.216000
-0.01185700	-0.208000
-0.01185600	-0.216000
-0.01185500	-0.208000
-0.01185400	-0.208000
-0.01185300	-0.192000
-0.01185200	-0.208000
-0.01185100	-0.192000
-0.01185000	-0.192000
-0.01184900	-0.192000
-0.01184800	-0.192000
-0.01184700	-0.184000
-0.01184600	-0.184000
-0.01184500	-0.168000
-0.01184400	-0.176000
-0.01184300	-0.176000
-0.01184200	-0.200000
-0.01184100	-0.160000
-0.01184000	-0.176000
-0.01183900	-0.152000
-0.01183800	-0.152000
-0.01183700	-0.160000
-0.01183600	-0.144000
-0.01183500	-0.144000
-0.01183400	-0.152000
-0.01183300	-0.128000
-0.01183200	-0.120000
-0.01183100	-0.120000
-0.01183000	-0.112000
-0.01182900	-0.144000
-0.01182800	-0.104000
-0.01182700	-0.096000
-0.01182600	-0.096000
-0.01182500	-0.088000
-0.01182400	-0.088000
-0.01182300	-0.072000
-0.01182200	-0.080000
-0.01182100	-0.064000
-0.01182000	-0.072000
-0.01181900	-0.056000
-0.01181800	-0.056000
-0.01181700	-0.056000
-0.01181600	-0.040000
-0.01181500	-0.040000
-0.01181400	-0.040000
-0.01181300	-0.048000
-0.01181200	0.000000
-0.01181100	-0.008000
-0.01181000	0.000000
-0.01180900	0.000000
-0.01180800	0.008000
-0.01180700	0.008000
-0.01180600	0.032000
-0.01180500	0.024000
-0.01180400	0.032000
-0.01180300	0.032000
-0.01180200	0.040000
-0.01180100	0.040000
-0.01180000	0.048000
-0.01179900	0.032000
-0.01179800	0.064000
-0.01179700	0.064000
-0.01179600	0.056000
-0.01179500	0.064000
-0.01179400	0.072000
-0.01179300	0.080000
-0.01179200	0.080000
-0.01179100	0.064000
-0.01179000	0.096000
-0.01178900	0.096000
-0.01178800	0.096000
-0.01178700	0.112000
-0.01178600	0.096000
-0.01178500	0.120000
-0.01178400	0.096000
-0.01178300	0.136000
-0.01178200	0.120000
-0.01178100	0.128000
-0.01178000	0.128000
-0.01177900	0.128000
-0.01177800	0.128000
-0.01177700	0.136000
-0.01177600	0.136000
-0.01177500	0.128000
-0.01177400	0.152000
-0.01177300	0.136000
-0.01177200	0.144000
-0.01177100	0.144000
-0.01177000	0.128000
-0.01176900	0.152000
-0.01176800	0.152000
-0.01176700	0.136000
-0.01176600	0.152000
-0.01176500	0.136000
-0.01176400	0.152000
-0.01176300	0.136000
-0.01176200	0.152000
-0.01176100	0.152000
-0.01176000	0.152000
-0.01175900	0.144000
-0.01175800	0.144000
-0.01175700	0.136000
-0.01175600	0.136000
-0.01175500	0.136000
-0.01175400	0.144000
-0.01175300	0.120000
-0.01175200	0.128000
-0.01175100	0.128000
-0.01175000	0.136000
-0.01174900	0.136000
-0.01174800	0.120000
-0.01174700	0.128000
-0.01174600	0.096000
-0.01174500	0.136000
-0.01174400	0.120000
-0.01174300	0.112000
-0.01174200	0.112000
-0.01174100	0.096000
-0.01174000	0.096000
-0.01173900	0.112000
-0.01173800	0.080000
-0.01173700	0.096000
-0.01173600	0.088000
-0.01173500	0.080000
-0.01173400	0.064000
-0.01173300	0.080000
-0.01173200	0.080000
-0.01173100	0.064000
-0.01173000	0.064000
-0.01172900	0.056000
-0.01172800	0.064000
-0.01172700	0.048000
-0.01172600	0.056000
-0.01172500	0.048000
-0.01172400	0.040000
-0.01172300	0.032000
-0.01172200	0.032000
-0.01172100	0.024000
-0.01172000	0.032000
-0.01171900	0.032000
-0.01171800	0.024000
-0.01171700	0.016000