-0.00327680	1.840000
-0.00327640	1.800000
-0.00327600	1.800000
-0.00327560	1.840000
-0.00327520	1.840000
-0.00327480	1.800000
-0.00327440	1.800000
-0.00327400	1.840000
-0.00327360	1.840000
-0.00327320	1.800000
-0.00327280	1.800000
-0.00327240	1.840000
-0.00327200	1.840000
-0.00327160	1.800000
-0.00327120	1.800000
-0.00327080	1.840000
-0.00327040	1.840000
-0.00327000	1.800000
-0.00326960	1.800000
-0.00326920	1.840000
-0.00326880	1.840000
-0.00326840	1.800000
-0.00326800	1.800000
-0.00326760	1.840000
-0.00326720	1.840000
-0.00326680	1.800000
-0.00326640	1.800000
-0.00326600	1.840000
-0.00326560	1.840000
-0.00326520	1.800000
-0.00326480	1.800000
-0.00326440	1.840000
-0.00326400	1.840000
-0.00326360	1.800000
-0.00326320	1.800000
-0.00326280	1.840000
-0.00326240	1.840000
-0.00326200	1.840000
-0.00326160	1.840000
-0.00326120	1.840000
-0.00326080	1.840000
-0.00326040	1.840000
-0.00326000	1.840000
-0.00325960	1.840000
-0.00325920	1.840000
-0.00325880	1.840000
-0.00325840	1.840000
-0.00325800	1.840000
-0.00325760	1.840000
-0.00325720	1.840000
-0.00325680	1.840000
-0.00325640	1.800000
-0.00325600	1.840000
-0.00325560	1.840000
-0.00325520	1.760000
-0.00325480	1.800000
-0.00325440	1.800000
-0.00325400	1.800000
-0.00325360	1.760000
-0.00325320	1.800000
-0.00325280	1.800000
-0.00325240	1.800000
-0.00325200	1.760000
-0.00325160	1.760000
-0.00325120	1.760000
-0.00325080	1.720000
-0.00325040	1.720000
-0.00325000	1.720000
-0.00324960	1.680000
-0.00324920	1.680000
-0.00324880	1.680000
-0.00324840	1.640000
-0.00324800	1.640000
-0.00324760	1.600000
-0.00324720	1.600000
-0.00324680	1.600000
-0.00324640	1.600000
-0.00324600	1.560000
-0.00324560	1.520000
-0.00324520	1.520000
-0.00324480	1.480000
-0.00324440	1.480000
-0.00324400	1.440000
-0.00324360	1.440000
-0.00324320	1.440000
-0.00324280	1.400000
-0.00324240	1.400000
-0.00324200	1.360000
-0.00324160	1.280000
-0.00324120	1.320000
-0.00324080	1.280000
-0.00324040	1.240000
-0.00324000	1.280000
-0.00323960	1.240000
-0.00323920	1.200000
-0.00323880	1.160000
-0.00323840	1.120000
-0.00323800	1.120000
-0.00323760	1.120000
-0.00323720	1.040000
-0.00323680	1.040000
-0.00323640	1.040000
-0.00323600	1.000000
-0.00323560	0.960000
-0.00323520	0.960000
-0.00323480	0.880000
-0.00323440	0.880000
-0.00323400	0.800000
-0.00323360	0.800000
-0.00323320	0.800000
-0.00323280	0.760000
-0.00323240	0.720000
-0.00323200	0.720000
-0.00323160	0.640000
-0.00323120	0.640000
-0.00323080	0.600000
-0.00323040	0.560000
-0.00323000	0.520000
-0.00322960	0.480000
-0.00322920	0.480000
-0.00322880	0.480000
-0.00322840	0.400000
-0.00322800	0.360000
-0.00322760	0.360000
-0.00322720	0.360000
-0.00322680	0.320000
-0.00322640	0.320000
-0.00322600	0.280000
-0.00322560	0.200000
-0.00322520	0.200000
-0.00322480	0.160000
-0.00322440	0.120000
-0.00322400	0.120000
-0.00322360	0.040000
-0.00322320	0.000000
-0.00322280	0.000000
-0.00322240	-0.040000
-0.00322200	-0.120000
-0.00322160	-0.120000
-0.00322120	-0.120000
-0.00322080	-0.200000
-0.00322040	-0.200000
-0.00322000	-0.280000
-0.00321960	-0.280000
-0.00321920	-0.280000
-0.00321880	-0.360000
-0.00321840	-0.360000
-0.00321800	-0.400000
-0.00321760	-0.440000
-0.00321720	-0.440000
-0.00321680	-0.480000
-0.00321640	-0.520000
-0.00321600	-0.520000
-0.00321560	-0.600000
-0.00321520	-0.640000
-0.00321480	-0.640000
-0.00321440	-0.680000
-0.00321400	-0.680000
-0.00321360	-0.760000
-0.00321320	-0.760000
-0.00321280	-0.840000
-0.00321240	-0.840000
-0.00321200	-0.880000
-0.00321160	-0.920000
-0.00321120	-0.920000
-0.00321080	-0.960000
-0.00321040	-0.960000
-0.00321000	-1.040000
-0.00320960	-1.080000
-0.00320920	-1.080000
-0.00320880	-1.120000
-0.00320840	-1.160000
-0.00320800	-1.160000
-0.00320760	-1.160000
-0.00320720	-1.200000
-0.00320680	-1.240000
-0.00320640	-1.240000
-0.00320600	-1.280000
-0.00320560	-1.280000
-0.00320520	-1.320000
-0.00320480	-1.360000
-0.00320440	-1.360000
-0.00320400	-1.400000
-0.00320360	-1.400000
-0.00320320	-1.440000
-0.00320280	-1.440000
-0.00320240	-1.480000
-0.00320200	-1.480000
-0.00320160	-1.520000
-0.00320120	-1.560000
-0.00320080	-1.560000
-0.00320040	-1.560000
-0.00320000	-1.640000
-0.00319960	-1.600000
-0.00319920	-1.640000
-0.00319880	-1.640000
-0.00319840	-1.640000
-0.00319800	-1.680000
-0.00319760	-1.720000
-0.00319720	-1.720000
-0.00319680	-1.720000
-0.00319640	-1.720000
-0.00319600	-1.720000
-0.00319560	-1.760000
-0.00319520	-1.800000
-0.00319480	-1.800000
-0.00319440	-1.760000
-0.00319400	-1.840000
-0.00319360	-1.800000
-0.00319320	-1.840000
-0.00319280	-1.840000
-0.00319240	-1.840000
-0.00319200	-1.880000
-0.00319160	-1.880000
-0.00319120	-1.880000
-0.00319080	-1.880000
-0.00319040	-1.880000
-0.00319000	-1.880000
-0.00318960	-1.880000
-0.00318920	-1.920000
-0.00318880	-1.920000
-0.00318840	-1.920000
-0.00318800	-1.880000
-0.00318760	-1.880000
-0.00318720	-1.920000
-0.00318680	-1.920000
-0.00318640	-1.880000
-0.00318600	-1.880000
-0.00318560	-1.960000
-0.00318520	-1.880000
-0.00318480	-1.880000
-0.00318440	-1.880000
-0.00318400	-1.920000
-0.00318360	-1.880000
-0.00318320	-1.880000
-0.00318280	-1.880000
-0.00318240	-1.880000
-0.00318200	-1.880000
-0.00318160	-1.880000
-0.00318120	-1.880000
-0.00318080	-1.880000
-0.00318040	-1.840000
-0.00318000	-1.840000
-0.00317960	-1.840000
-0.00317920	-1.800000
-0.00317880	-1.800000
-0.00317840	-1.800000
-0.00317800	-1.800000
-0.00317760	-1.760000
-0.00317720	-1.720000
-0.00317680	-1.720000
-0.00317640	-1.720000
-0.00317600	-1.720000
-0.00317560	-1.680000
-0.00317520	-1.720000
-0.00317480	-1.640000
-0.00317440	-1.640000
-0.00317400	-1.600000
-0.00317360	-1.600000
-0.00317320	-1.560000
-0.00317280	-1.560000
-0.00317240	-1.560000
-0.00317200	-1.560000
-0.00317160	-1.480000
-0.00317120	-1.480000
-0.00317080	-1.480000
-0.00317040	-1.480000
-0.00317000	-1.400000
-0.00316960	-1.400000
-0.00316920	-1.400000
-0.00316880	-1.360000
-0.00316840	-1.320000
-0.00316800	-1.320000
-0.00316760	-1.240000
-0.00316720	-1.280000
-0.00316680	-1.240000
-0.00316640	-1.240000
-0.00316600	-1.200000
-0.00316560	-1.160000
-0.00316520	-1.160000
-0.00316480	-1.080000
-0.00316440	-1.080000
-0.00316400	-1.080000
-0.00316360	-1.000000
-0.00316320	-0.920000
-0.00316280	-1.000000
-0.00316240	-0.920000
-0.00316200	-0.920000
-0.00316160	-0.880000
-0.00316120	-0.840000
-0.00316080	-0.840000
-0.00316040	-0.760000
-0.00316000	-0.720000
-0.00315960	-0.720000
-0.00315920	-0.680000
-0.00315880	-0.680000
-0.00315840	-0.600000
-0.00315800	-0.600000
-0.00315760	-0.560000
-0.00315720	-0.520000
-0.00315680	-0.480000
-0.00315640	-0.440000
-0.00315600	-0.440000
-0.00315560	-0.440000
-0.00315520	-0.360000
-0.00315480	-0.360000
-0.00315440	-0.280000
-0.00315400	-0.280000
-0.00315360	-0.240000
-0.00315320	-0.200000
-0.00315280	-0.160000
-0.00315240	-0.120000
-0.00315200	-0.120000
-0.00315160	-0.080000
-0.00315120	-0.040000
-0.00315080	-0.040000
-0.00315040	0.040000
-0.00315000	0.040000
-0.00314960	0.080000
-0.00314920	0.120000
-0.00314880	0.160000
-0.00314840	0.200000
-0.00314800	0.200000
-0.00314760	0.280000
-0.00314720	0.320000
-0.00314680	0.360000
-0.00314640	0.360000
-0.00314600	0.360000
-0.00314560	0.360000
-0.00314520	0.440000
-0.00314480	0.440000
-0.00314440	0.480000
-0.00314400	0.520000
-0.00314360	0.560000
-0.00314320	0.600000
-0.00314280	0.640000
-0.00314240	0.640000
-0.00314200	0.640000
-0.00314160	0.720000
-0.00314120	0.760000
-0.00314080	0.800000
-0.00314040	0.800000
-0.00314000	0.840000
-0.00313960	0.880000
-0.00313920	0.920000
-0.00313880	0.960000
-0.00313840	0.960000
-0.00313800	0.960000
-0.00313760	1.040000
-0.00313720	1.040000
-0.00313680	1.080000
-0.00313640	1.120000
-0.00313600	1.120000
-0.00313560	1.120000
-0.00313520	1.160000
-0.00313480	1.200000
-0.00313440	1.280000
-0.00313400	1.240000
-0.00313360	1.280000
-0.00313320	1.280000
-0.00313280	1.360000
-0.00313240	1.360000
-0.00313200	1.400000
-0.00313160	1.400000
-0.00313120	1.440000
-0.00313080	1.440000
-0.00313040	1.440000
-0.00313000	1.520000
-0.00312960	1.480000
-0.00312920	1.520000
-0.00312880	1.560000
-0.00312840	1.560000
-0.00312800	1.520000
-0.00312760	1.600000
-0.00312720	1.600000
-0.00312680	1.600000
-0.00312640	1.640000
-0.00312600	1.680000
-0.00312560	1.680000
-0.00312520	1.720000
-0.00312480	1.720000
-0.00312440	1.720000
-0.00312400	1.760000
-0.00312360	1.760000
-0.00312320	1.760000
-0.00312280	1.800000
-0.00312240	1.800000
-0.00312200	1.800000
-0.00312160	1.800000
-0.00312120	1.840000
-0.00312080	1.840000
-0.00312040	1.840000
-0.00312000	1.880000
-0.00311960	1.880000
-0.00311920	1.880000
-0.00311880	1.880000
-0.00311840	1.880000
-0.00311800	1.880000
-0.00311760	1.880000
-0.00311720	1.920000
-0.00311680	1.880000
-0.00311640	1.880000
-0.00311600	1.920000
-0.00311560	1.920000
-0.00311520	1.920000
-0.00311480	1.880000
-0.00311440	1.920000
-0.00311400	1.920000
-0.00311360	1.920000
-0.00311320	1.880000
-0.00311280	1.880000
-0.00311240	1.880000
-0.00311200	1.920000
-0.00311160	1.920000
-0.00311120	1.880000
-0.00311080	1.880000
-0.00311040	1.880000
-0.00311000	1.880000
-0.00310960	1.840000
-0.00310920	1.840000
-0.00310880	1.840000
-0.00310840	1.840000
-0.00310800	1.840000
-0.00310760	1.800000
-0.00310720	1.800000
-0.00310680	1.800000
-0.00310640	1.760000
-0.00310600	1.760000
-0.00310560	1.760000
-0.00310520	1.760000
-0.00310480	1.720000
-0.00310440	1.720000
-0.00310400	1.720000
-0.00310360	1.680000
-0.00310320	1.640000
-0.00310280	1.680000
-0.00310240	1.680000
-0.00310200	1.680000
-0.00310160	1.560000
-0.00310120	1.600000
-0.00310080	1.560000
-0.00310040	1.560000
-0.00310000	1.520000
-0.00309960	1.520000
-0.00309920	1.480000
-0.00309880	1.480000
-0.00309840	1.440000
-0.00309800	1.440000
-0.00309760	1.440000
-0.00309720	1.400000
-0.00309680	1.320000
-0.00309640	1.360000
-0.00309600	1.280000
-0.00309560	1.280000
-0.00309520	1.240000
-0.00309480	1.240000
-0.00309440	1.240000
-0.00309400	1.200000
-0.00309360	1.160000
-0.00309320	1.120000
-0.00309280	1.120000
-0.00309240	1.120000
-0.00309200	1.040000
-0.00309160	1.040000
-0.00309120	0.960000
-0.00309080	0.960000
-0.00309040	0.960000
-0.00309000	0.920000
-0.00308960	0.880000
-0.00308920	0.880000
-0.00308880	0.800000
-0.00308840	0.800000
-0.00308800	0.800000
-0.00308760	0.720000
-0.00308720	0.720000
-0.00308680	0.640000
-0.00308640	0.640000
-0.00308600	0.600000
-0.00308560	0.560000
-0.00308520	0.520000
-0.00308480	0.480000
-0.00308440	0.480000
-0.00308400	0.440000
-0.00308360	0.400000
-0.00308320	0.360000
-0.00308280	0.360000
-0.00308240	0.360000
-0.00308200	0.320000
-0.00308160	0.320000
-0.00308120	0.240000
-0.00308080	0.240000
-0.00308040	0.160000
-0.00308000	0.160000
-0.00307960	0.120000
-0.00307920	0.040000
-0.00307880	0.040000
-0.00307840	0.040000
-0.00307800	-0.040000
-0.00307760	-0.080000
-0.00307720	-0.080000
-0.00307680	-0.120000
-0.00307640	-0.120000
-0.00307600	-0.200000
-0.00307560	-0.240000
-0.00307520	-0.280000
-0.00307480	-0.280000
-0.00307440	-0.320000
-0.00307400	-0.360000
-0.00307360	-0.400000
-0.00307320	-0.440000
-0.00307280	-0.440000
-0.00307240	-0.440000
-0.00307200	-0.520000
-0.00307160	-0.560000
-0.00307120	-0.600000
-0.00307080	-0.600000
-0.00307040	-0.640000
-0.00307000	-0.680000
-0.00306960	-0.680000
-0.00306920	-0.760000
-0.00306880	-0.760000
-0.00306840	-0.800000
-0.00306800	-0.840000
-0.00306760	-0.840000
-0.00306720	-0.880000
-0.00306680	-0.920000
-0.00306640	-0.920000
-0.00306600	-0.960000
-0.00306560	-1.000000
-0.00306520	-1.000000
-0.00306480	-1.080000
-0.00306440	-1.080000
-0.00306400	-1.120000
-0.00306360	-1.120000
-0.00306320	-1.160000
-0.00306280	-1.160000
-0.00306240	-1.240000
-0.00306200	-1.240000
-0.00306160	-1.240000
-0.00306120	-1.280000
-0.00306080	-1.280000
-0.00306040	-1.320000
-0.00306000	-1.320000
-0.00305960	-1.400000
-0.00305920	-1.400000
-0.00305880	-1.440000
-0.00305840	-1.400000
-0.00305800	-1.480000
-0.00305760	-1.480000
-0.00305720	-1.480000
-0.00305680	-1.520000
-0.00305640	-1.560000
-0.00305600	-1.560000
-0.00305560	-1.560000
-0.00305520	-1.600000
-0.00305480	-1.640000
-0.00305440	-1.680000
-0.00305400	-1.640000
-0.00305360	-1.640000
-0.00305320	-1.680000
-0.00305280	-1.720000
-0.00305240	-1.720000
-0.00305200	-1.720000
-0.00305160	-1.720000
-0.00305120	-1.760000
-0.00305080	-1.720000
-0.00305040	-1.800000
-0.00305000	-1.760000
-0.00304960	-1.800000
-0.00304920	-1.800000
-0.00304880	-1.840000
-0.00304840	-1.800000
-0.00304800	-1.840000
-0.00304760	-1.800000
-0.00304720	-1.880000
-0.00304680	-1.800000
-0.00304640	-1.880000
-0.00304600	-1.880000
-0.00304560	-1.880000
-0.00304520	-1.880000
-0.00304480	-1.880000
-0.00304440	-1.880000
-0.00304400	-1.880000
-0.00304360	-1.880000
-0.00304320	-1.920000
-0.00304280	-1.880000
-0.00304240	-1.920000
-0.00304200	-1.880000
-0.00304160	-1.920000
-0.00304120	-1.920000
-0.00304080	-1.880000
-0.00304040	-1.880000
-0.00304000	-1.880000
-0.00303960	-1.880000
-0.00303920	-1.880000
-0.00303880	-1.880000
-0.00303840	-1.880000
-0.00303800	-1.840000
-0.00303760	-1.840000
-0.00303720	-1.840000
-0.00303680	-1.840000
-0.00303640	-1.800000
-0.00303600	-1.800000
-0.00303560	-1.800000
-0.00303520	-1.800000
-0.00303480	-1.760000
-0.00303440	-1.760000
-0.00303400	-1.720000
-0.00303360	-1.720000
-0.00303320	-1.760000
-0.00303280	-1.720000
-0.00303240	-1.720000
-0.00303200	-1.680000
-0.00303160	-1.720000
-0.00303120	-1.680000
-0.00303080	-1.600000
-0.00303040	-1.640000
-0.00303000	-1.600000
-0.00302960	-1.600000
-0.00302920	-1.560000
-0.00302880	-1.560000
-0.00302840	-1.560000
-0.00302800	-1.480000
-0.00302760	-1.480000
-0.00302720	-1.480000
-0.00302680	-1.480000
-0.00302640	-1.480000
-0.00302600	-1.400000
-0.00302560	-1.400000
-0.00302520	-1.360000
-0.00302480	-1.400000
-0.00302440	-1.320000
-0.00302400	-1.320000
-0.00302360	-1.240000
-0.00302320	-1.240000
-0.00302280	-1.240000
-0.00302240	-1.200000
-0.00302200	-1.160000
-0.00302160	-1.160000
-0.00302120	-1.120000
-0.00302080	-1.120000
-0.00302040	-1.080000
-0.00302000	-1.080000
-0.00301960	-1.000000
-0.00301920	-1.000000
-0.00301880	-0.960000
-0.00301840	-0.920000
-0.00301800	-0.920000
-0.00301760	-0.920000
-0.00301720	-0.800000
-0.00301680	-0.840000
-0.00301640	-0.800000
-0.00301600	-0.760000
-0.00301560	-0.720000
-0.00301520	-0.680000
-0.00301480	-0.680000
-0.00301440	-0.640000
-0.00301400	-0.600000
-0.00301360	-0.600000
-0.00301320	-0.520000
-0.00301280	-0.520000
-0.00301240	-0.480000
-0.00301200	-0.440000
-0.00301160	-0.440000
-0.00301120	-0.400000
-0.00301080	-0.320000
-0.00301040	-0.360000
-0.00301000	-0.280000
-0.00300960	-0.280000
-0.00300920	-0.200000
-0.00300880	-0.200000
-0.00300840	-0.160000
-0.00300800	-0.120000
-0.00300760	-0.120000
-0.00300720	-0.040000
-0.00300680	-0.040000
-0.00300640	-0.040000
-0.00300600	0.040000
-0.00300560	0.040000
-0.00300520	0.120000
-0.00300480	0.120000
-0.00300440	0.200000
-0.00300400	0.200000
-0.00300360	0.240000
-0.00300320	0.240000
-0.00300280	0.320000
-0.00300240	0.360000
-0.00300200	0.360000
-0.00300160	0.360000
-0.00300120	0.400000
-0.00300080	0.400000
-0.00300040	0.440000
-0.00300000	0.480000
-0.00299960	0.520000
-0.00299920	0.560000
-0.00299880	0.600000
-0.00299840	0.640000
-0.00299800	0.640000
-0.00299760	0.640000
-0.00299720	0.640000
-0.00299680	0.720000
-0.00299640	0.760000
-0.00299600	0.800000
-0.00299560	0.800000
-0.00299520	0.840000
-0.00299480	0.880000
-0.00299440	0.920000
-0.00299400	0.960000
-0.00299360	0.960000
-0.00299320	0.960000
-0.00299280	1.000000
-0.00299240	1.040000
-0.00299200	1.080000
-0.00299160	1.080000
-0.00299120	1.120000
-0.00299080	1.120000
-0.00299040	1.160000
-0.00299000	1.200000
-0.00298960	1.240000
-0.00298920	1.240000
-0.00298880	1.240000
-0.00298840	1.280000
-0.00298800	1.320000
-0.00298760	1.320000
-0.00298720	1.360000
-0.00298680	1.360000
-0.00298640	1.400000
-0.00298600	1.440000
-0.00298560	1.440000
-0.00298520	1.440000
-0.00298480	1.440000
-0.00298440	1.480000
-0.00298400	1.520000
-0.00298360	1.520000
-0.00298320	1.560000
-0.00298280	1.600000
-0.00298240	1.600000
-0.00298200	1.600000
-0.00298160	1.600000
-0.00298120	1.640000
-0.00298080	1.640000
-0.00298040	1.640000
-0.00298000	1.680000
-0.00297960	1.680000
-0.00297920	1.720000
-0.00297880	1.680000
-0.00297840	1.720000
-0.00297800	1.760000
-0.00297760	1.760000
-0.00297720	1.720000
-0.00297680	1.760000
-0.00297640	1.760000
-0.00297600	1.760000
-0.00297560	1.760000
-0.00297520	1.760000
-0.00297480	1.840000
-0.00297440	1.800000
-0.00297400	1.760000
-0.00297360	1.760000
-0.00297320	1.800000
-0.00297280	1.840000
-0.00297240	1.800000
-0.00297200	1.840000
-0.00297160	1.840000
-0.00297120	1.800000
-0.00297080	1.840000
-0.00297040	1.840000
-0.00297000	1.800000
-0.00296960	1.840000
-0.00296920	1.840000
-0.00296880	1.800000
-0.00296840	1.800000
-0.00296800	1.800000
-0.00296760	1.800000
-0.00296720	1.760000
-0.00296680	1.800000
-0.00296640	1.760000
-0.00296600	1.800000
-0.00296560	1.760000
-0.00296520	1.760000
-0.00296480	1.760000
-0.00296440	1.760000
-0.00296400	1.760000
-0.00296360	1.760000
-0.00296320	1.760000
-0.00296280	1.720000
-0.00296240	1.720000
-0.00296200	1.720000
-0.00296160	1.680000
-0.00296120	1.680000
-0.00296080	1.680000
-0.00296040	1.600000
-0.00296000	1.600000
-0.00295960	1.600000
-0.00295920	1.600000
-0.00295880	1.560000
-0.00295840	1.560000
-0.00295800	1.520000
-0.00295760	1.520000
-0.00295720	1.480000
-0.00295680	1.480000
-0.00295640	1.440000
-0.00295600	1.440000
-0.00295560	1.440000
-0.00295520	1.400000
-0.00295480	1.400000
-0.00295440	1.400000
-0.00295400	1.360000
-0.00295360	1.360000
-0.00295320	1.280000
-0.00295280	1.280000
-0.00295240	1.280000
-0.00295200	1.280000
-0.00295160	1.200000
-0.00295120	1.200000
-0.00295080	1.120000
-0.00295040	1.120000
-0.00295000	1.120000
-0.00294960	1.120000
-0.00294920	1.040000
-0.00294880	1.040000
-0.00294840	1.000000
-0.00294800	0.960000
-0.00294760	0.960000
-0.00294720	0.960000
-0.00294680	0.880000
-0.00294640	0.840000
-0.00294600	0.880000
-0.00294560	0.800000
-0.00294520	0.800000
-0.00294480	0.760000
-0.00294440	0.720000
-0.00294400	0.720000
-0.00294360	0.640000
-0.00294320	0.640000
-0.00294280	0.640000
-0.00294240	0.560000
-0.00294200	0.560000
-0.00294160	0.520000
-0.00294120	0.480000
-0.00294080	0.440000
-0.00294040	0.440000
-0.00294000	0.360000
-0.00293960	0.360000
-0.00293920	0.360000
-0.00293880	0.360000
-0.00293840	0.360000
-0.00293800	0.280000
-0.00293760	0.240000
-0.00293720	0.200000
-0.00293680	0.200000
-0.00293640	0.120000
-0.00293600	0.120000
-0.00293560	0.080000
-0.00293520	0.040000
-0.00293480	0.000000
-0.00293440	-0.040000
-0.00293400	-0.080000
-0.00293360	-0.080000
-0.00293320	-0.120000
-0.00293280	-0.160000
-0.00293240	-0.200000
-0.00293200	-0.200000
-0.00293160	-0.280000
-0.00293120	-0.280000
-0.00293080	-0.280000
-0.00293040	-0.320000
-0.00293000	-0.400000
-0.00292960	-0.400000
-0.00292920	-0.440000
-0.00292880	-0.440000
-0.00292840	-0.520000
-0.00292800	-0.520000
-0.00292760	-0.520000
-0.00292720	-0.600000
-0.00292680	-0.600000
-0.00292640	-0.640000
-0.00292600	-0.680000
-0.00292560	-0.680000
-0.00292520	-0.720000
-0.00292480	-0.760000
-0.00292440	-0.760000
-0.00292400	-0.800000
-0.00292360	-0.840000
-0.00292320	-0.880000
-0.00292280	-0.920000
-0.00292240	-0.920000
-0.00292200	-0.960000
-0.00292160	-0.920000
-0.00292120	-1.000000
-0.00292080	-1.040000
-0.00292040	-1.080000
-0.00292000	-1.080000
-0.00291960	-1.080000
-0.00291920	-1.160000
-0.00291880	-1.160000
-0.00291840	-1.200000
-0.00291800	-1.200000
-0.00291760	-1.240000
-0.00291720	-1.240000
-0.00291680	-1.280000
-0.00291640	-1.280000
-0.00291600	-1.320000
-0.00291560	-1.320000
-0.00291520	-1.360000
-0.00291480	-1.400000
-0.00291440	-1.400000
-0.00291400	-1.400000
-0.00291360	-1.440000
-0.00291320	-1.480000
-0.00291280	-1.480000
-0.00291240	-1.480000
-0.00291200	-1.480000
-0.00291160	-1.560000
-0.00291120	-1.560000
-0.00291080	-1.560000
-0.00291040	-1.600000
-0.00291000	-1.560000
-0.00290960	-1.560000
-0.00290920	-1.600000
-0.00290880	-1.600000
-0.00290840	-1.640000
-0.00290800	-1.640000
-0.00290760	-1.640000
-0.00290720	-1.680000
-0.00290680	-1.720000
-0.00290640	-1.720000
-0.00290600	-1.720000
-0.00290560	-1.720000
-0.00290520	-1.720000
-0.00290480	-1.720000
-0.00290440	-1.720000
-0.00290400	-1.720000
-0.00290360	-1.720000
-0.00290320	-1.720000
-0.00290280	-1.760000
-0.00290240	-1.800000
-0.00290200	-1.800000
-0.00290160	-1.760000
-0.00290120	-1.760000
-0.00290080	-1.800000
-0.00290040	-1.800000
-0.00290000	-1.760000
-0.00289960	-1.800000
-0.00289920	-1.800000
-0.00289880	-1.800000
-0.00289840	-1.760000
-0.00289800	-1.800000
-0.00289760	-1.800000
-0.00289720	-1.760000
-0.00289680	-1.800000
-0.00289640	-1.760000
-0.00289600	-1.760000
-0.00289560	-1.760000
-0.00289520	-1.800000
-0.00289480	-1.720000
-0.00289440	-1.760000
-0.00289400	-1.760000
-0.00289360	-1.720000
-0.00289320	-1.720000
-0.00289280	-1.720000
-0.00289240	-1.720000
-0.00289200	-1.720000
-0.00289160	-1.680000
-0.00289120	-1.680000
-0.00289080	-1.640000
-0.00289040	-1.640000
-0.00289000	-1.680000
-0.00288960	-1.640000
-0.00288920	-1.600000
-0.00288880	-1.600000
-0.00288840	-1.560000
-0.00288800	-1.560000
-0.00288760	-1.560000
-0.00288720	-1.560000
-0.00288680	-1.560000
-0.00288640	-1.480000
-0.00288600	-1.480000
-0.00288560	-1.480000
-0.00288520	-1.440000
-0.00288480	-1.400000
-0.00288440	-1.400000
-0.00288400	-1.400000
-0.00288360	-1.400000
-0.00288320	-1.400000
-0.00288280	-1.360000
-0.00288240	-1.320000
-0.00288200	-1.320000
-0.00288160	-1.280000
-0.00288120	-1.240000
-0.00288080	-1.240000
-0.00288040	-1.240000
-0.00288000	-1.160000
-0.00287960	-1.160000
-0.00287920	-1.120000
-0.00287880	-1.120000
-0.00287840	-1.080000
-0.00287800	-1.080000
-0.00287760	-1.040000
-0.00287720	-1.000000
-0.00287680	-1.000000
-0.00287640	-0.920000
-0.00287600	-0.920000
-0.00287560	-0.920000
-0.00287520	-0.840000
-0.00287480	-0.840000
-0.00287440	-0.800000
-0.00287400	-0.760000
-0.00287360	-0.760000
-0.00287320	-0.720000
-0.00287280	-0.720000
-0.00287240	-0.680000
-0.00287200	-0.640000
-0.00287160	-0.600000
-0.00287120	-0.600000
-0.00287080	-0.560000
-0.00287040	-0.560000
-0.00287000	-0.480000
-0.00286960	-0.440000
-0.00286920	-0.440000
-0.00286880	-0.440000
-0.00286840	-0.360000
-0.00286800	-0.360000
-0.00286760	-0.320000
-0.00286720	-0.280000
-0.00286680	-0.240000
-0.00286640	-0.240000
-0.00286600	-0.200000
-0.00286560	-0.160000
-0.00286520	-0.120000
-0.00286480	-0.120000
-0.00286440	-0.080000
-0.00286400	-0.040000
-0.00286360	0.000000
-0.00286320	0.040000
-0.00286280	0.040000
-0.00286240	0.040000
-0.00286200	0.120000
-0.00286160	0.160000
-0.00286120	0.200000
-0.00286080	0.200000
-0.00286040	0.280000
-0.00286000	0.280000
-0.00285960	0.360000
-0.00285920	0.360000
-0.00285880	0.360000
-0.00285840	0.360000
-0.00285800	0.400000
-0.00285760	0.440000
-0.00285720	0.480000
-0.00285680	0.480000
-0.00285640	0.480000
-0.00285600	0.560000
-0.00285560	0.600000
-0.00285520	0.640000
-0.00285480	0.640000
-0.00285440	0.640000
-0.00285400	0.680000
-0.00285360	0.720000
-0.00285320	0.760000
-0.00285280	0.800000
-0.00285240	0.800000
-0.00285200	0.840000
-0.00285160	0.880000
-0.00285120	0.880000
-0.00285080	0.920000
-0.00285040	0.960000
-0.00285000	0.960000
-0.00284960	1.000000
-0.00284920	1.040000
-0.00284880	1.040000
-0.00284840	1.080000
-0.00284800	1.120000
-0.00284760	1.120000
-0.00284720	1.160000
-0.00284680	1.160000
-0.00284640	1.200000
-0.00284600	1.240000
-0.00284560	1.280000
-0.00284520	1.240000
-0.00284480	1.280000
-0.00284440	1.280000
-0.00284400	1.360000
-0.00284360	1.360000
-0.00284320	1.320000
-0.00284280	1.400000
-0.00284240	1.440000
-0.00284200	1.440000
-0.00284160	1.440000
-0.00284120	1.440000
-0.00284080	1.440000
-0.00284040	1.480000
-0.00284000	1.480000
-0.00283960	1.560000
-0.00283920	1.520000
-0.00283880	1.520000
-0.00283840	1.560000
-0.00283800	1.560000
-0.00283760	1.600000
-0.00283720	1.600000
-0.00283680	1.600000
-0.00283640	1.600000
-0.00283600	1.640000
-0.00283560	1.680000
-0.00283520	1.680000
-0.00283480	1.680000
-0.00283440	1.680000
-0.00283400	1.680000
-0.00283360	1.680000
-0.00283320	1.720000
-0.00283280	1.720000
-0.00283240	1.720000
-0.00283200	1.720000
-0.00283160	1.720000
-0.00283120	1.720000
-0.00283080	1.760000
-0.00283040	1.720000
-0.00283000	1.760000
-0.00282960	1.720000
-0.00282920	1.760000
-0.00282880	1.760000
-0.00282840	1.760000
-0.00282800	1.760000
-0.00282760	1.760000
-0.00282720	1.760000
-0.00282680	1.720000
-0.00282640	1.760000
-0.00282600	1.760000
-0.00282560	1.760000
-0.00282520	1.680000
-0.00282480	1.760000
-0.00282440	1.720000
-0.00282400	1.720000
-0.00282360	1.720000
-0.00282320	1.680000
-0.00282280	1.720000
-0.00282240	1.720000
-0.00282200	1.680000
-0.00282160	1.680000
-0.00282120	1.680000
-0.00282080	1.680000
-0.00282040	1.640000
-0.00282000	1.600000
-0.00281960	1.640000
-0.00281920	1.600000
-0.00281880	1.600000
-0.00281840	1.600000
-0.00281800	1.560000
-0.00281760	1.600000
-0.00281720	1.560000
-0.00281680	1.560000
-0.00281640	1.480000
-0.00281600	1.520000
-0.00281560	1.520000
-0.00281520	1.480000
-0.00281480	1.440000
-0.00281440	1.440000
-0.00281400	1.440000
-0.00281360	1.440000
-0.00281320	1.400000
-0.00281280	1.360000
-0.00281240	1.360000
-0.00281200	1.360000
-0.00281160	1.280000
-0.00281120	1.280000
-0.00281080	1.280000
-0.00281040	1.240000
-0.00281000	1.240000
-0.00280960	1.200000
-0.00280920	1.160000
-0.00280880	1.160000
-0.00280840	1.120000
-0.00280800	1.120000
-0.00280760	1.120000
-0.00280720	1.080000
-0.00280680	1.040000
-0.00280640	1.040000
-0.00280600	1.000000
-0.00280560	0.960000
-0.00280520	0.960000
-0.00280480	0.920000
-0.00280440	0.880000
-0.00280400	0.840000
-0.00280360	0.800000
-0.00280320	0.800000
-0.00280280	0.800000
-0.00280240	0.720000
-0.00280200	0.720000
-0.00280160	0.640000
-0.00280120	0.640000
-0.00280080	0.600000
-0.00280040	0.600000
-0.00280000	0.560000
-0.00279960	0.520000
-0.00279920	0.480000
-0.00279880	0.480000
-0.00279840	0.480000
-0.00279800	0.400000
-0.00279760	0.400000
-0.00279720	0.360000
-0.00279680	0.360000
-0.00279640	0.360000
-0.00279600	0.320000
-0.00279560	0.280000
-0.00279520	0.240000
-0.00279480	0.200000
-0.00279440	0.200000
-0.00279400	0.200000
-0.00279360	0.120000
-0.00279320	0.080000
-0.00279280	0.040000
-0.00279240	0.000000
-0.00279200	-0.040000
-0.00279160	-0.040000
-0.00279120	-0.080000
-0.00279080	-0.120000
-0.00279040	-0.120000
-0.00279000	-0.160000
-0.00278960	-0.160000
-0.00278920	-0.200000
-0.00278880	-0.280000
-0.00278840	-0.280000
-0.00278800	-0.280000
-0.00278760	-0.360000
-0.00278720	-0.400000
-0.00278680	-0.440000
-0.00278640	-0.440000
-0.00278600	-0.440000
-0.00278560	-0.480000
-0.00278520	-0.520000
-0.00278480	-0.560000
-0.00278440	-0.600000
-0.00278400	-0.640000
-0.00278360	-0.600000
-0.00278320	-0.680000
-0.00278280	-0.720000
-0.00278240	-0.760000
-0.00278200	-0.760000
-0.00278160	-0.800000
-0.00278120	-0.800000
-0.00278080	-0.840000
-0.00278040	-0.840000
-0.00278000	-0.920000
-0.00277960	-0.920000
-0.00277920	-0.920000
-0.00277880	-0.920000
-0.00277840	-1.000000
-0.00277800	-1.000000
-0.00277760	-1.040000
-0.00277720	-1.080000
-0.00277680	-1.080000
-0.00277640	-1.080000
-0.00277600	-1.160000
-0.00277560	-1.160000
-0.00277520	-1.200000
-0.00277480	-1.240000
-0.00277440	-1.240000
-0.00277400	-1.240000
-0.00277360	-1.280000
-0.00277320	-1.280000
-0.00277280	-1.320000
-0.00277240	-1.320000
-0.00277200	-1.400000
-0.00277160	-1.400000
-0.00277120	-1.400000
-0.00277080	-1.440000
-0.00277040	-1.440000
-0.00277000	-1.440000
-0.00276960	-1.480000
-0.00276920	-1.480000
-0.00276880	-1.480000
-0.00276840	-1.520000
-0.00276800	-1.560000
-0.00276760	-1.560000
-0.00276720	-1.560000
-0.00276680	-1.600000
-0.00276640	-1.560000
-0.00276600	-1.600000
-0.00276560	-1.600000
-0.00276520	-1.600000
-0.00276480	-1.640000
-0.00276440	-1.640000
-0.00276400	-1.640000
-0.00276360	-1.680000
-0.00276320	-1.680000
-0.00276280	-1.720000
-0.00276240	-1.720000
-0.00276200	-1.720000
-0.00276160	-1.720000
-0.00276120	-1.720000
-0.00276080	-1.720000
-0.00276040	-1.720000
-0.00276000	-1.720000
-0.00275960	-1.720000
-0.00275920	-1.760000
-0.00275880	-1.760000
-0.00275840	-1.720000
-0.00275800	-1.720000
-0.00275760	-1.720000
-0.00275720	-1.720000
-0.00275680	-1.720000
-0.00275640	-1.720000
-0.00275600	-1.720000
-0.00275560	-1.760000
-0.00275520	-1.760000
-0.00275480	-1.720000
-0.00275440	-1.720000
-0.00275400	-1.720000
-0.00275360	-1.720000
-0.00275320	-1.720000
-0.00275280	-1.720000
-0.00275240	-1.720000
-0.00275200	-1.720000
-0.00275160	-1.720000
-0.00275120	-1.680000
-0.00275080	-1.720000
-0.00275040	-1.720000
-0.00275000	-1.640000
-0.00274960	-1.640000
-0.00274920	-1.640000
-0.00274880	-1.640000
-0.00274840	-1.600000
-0.00274800	-1.600000
-0.00274760	-1.560000
-0.00274720	-1.560000
-0.00274680	-1.560000
-0.00274640	-1.560000
-0.00274600	-1.560000
-0.00274560	-1.560000
-0.00274520	-1.520000
-0.00274480	-1.520000
-0.00274440	-1.480000
-0.00274400	-1.480000
-0.00274360	-1.440000
-0.00274320	-1.440000
-0.00274280	-1.400000
-0.00274240	-1.400000
-0.00274200	-1.400000
-0.00274160	-1.400000
-0.00274120	-1.400000
-0.00274080	-1.320000
-0.00274040	-1.320000
-0.00274000	-1.320000
-0.00273960	-1.240000
-0.00273920	-1.280000
-0.00273880	-1.240000
-0.00273840	-1.200000
-0.00273800	-1.160000
-0.00273760	-1.160000
-0.00273720	-1.120000
-0.00273680	-1.120000
-0.00273640	-1.080000
-0.00273600	-1.080000
-0.00273560	-1.000000
-0.00273520	-1.000000
-0.00273480	-0.960000
-0.00273440	-1.000000
-0.00273400	-0.920000
-0.00273360	-0.920000
-0.00273320	-0.920000
-0.00273280	-0.840000
-0.00273240	-0.840000
-0.00273200	-0.800000
-0.00273160	-0.760000
-0.00273120	-0.760000
-0.00273080	-0.720000
-0.00273040	-0.680000
-0.00273000	-0.640000
-0.00272960	-0.640000
-0.00272920	-0.600000
-0.00272880	-0.600000
-0.00272840	-0.520000
-0.00272800	-0.520000
-0.00272760	-0.480000
-0.00272720	-0.440000
-0.00272680	-0.440000
-0.00272640	-0.440000
-0.00272600	-0.360000
-0.00272560	-0.360000
-0.00272520	-0.320000
-0.00272480	-0.280000
-0.00272440	-0.280000
-0.00272400	-0.240000
-0.00272360	-0.200000
-0.00272320	-0.160000
-0.00272280	-0.120000
-0.00272240	-0.080000
-0.00272200	-0.120000
-0.00272160	-0.040000
-0.00272120	0.000000
-0.00272080	0.000000
-0.00272040	0.040000
-0.00272000	0.120000
-0.00271960	0.120000
-0.00271920	0.160000
-0.00271880	0.200000
-0.00271840	0.200000
-0.00271800	0.240000
-0.00271760	0.240000
-0.00271720	0.320000
-0.00271680	0.360000
-0.00271640	0.360000
-0.00271600	0.360000
-0.00271560	0.400000
-0.00271520	0.400000
-0.00271480	0.440000
-0.00271440	0.480000
-0.00271400	0.480000
-0.00271360	0.560000
-0.00271320	0.600000
-0.00271280	0.560000
-0.00271240	0.640000
-0.00271200	0.640000
-0.00271160	0.640000
-0.00271120	0.720000
-0.00271080	0.720000
-0.00271040	0.760000
-0.00271000	0.800000
-0.00270960	0.800000
-0.00270920	0.800000
-0.00270880	0.840000
-0.00270840	0.880000
-0.00270800	0.920000
-0.00270760	0.960000
-0.00270720	0.960000
-0.00270680	0.960000
-0.00270640	1.040000
-0.00270600	1.040000
-0.00270560	1.080000
-0.00270520	1.120000
-0.00270480	1.120000
-0.00270440	1.120000
-0.00270400	1.120000
-0.00270360	1.160000
-0.00270320	1.200000
-0.00270280	1.240000
-0.00270240	1.240000
-0.00270200	1.240000
-0.00270160	1.280000
-0.00270120	1.280000
-0.00270080	1.280000
-0.00270040	1.320000
-0.00270000	1.360000
-0.00269960	1.440000
-0.00269920	1.400000
-0.00269880	1.440000
-0.00269840	1.440000
-0.00269800	1.440000
-0.00269760	1.440000
-0.00269720	1.480000
-0.00269680	1.480000
-0.00269640	1.520000
-0.00269600	1.520000
-0.00269560	1.560000
-0.00269520	1.560000
-0.00269480	1.560000
-0.00269440	1.600000
-0.00269400	1.600000
-0.00269360	1.600000
-0.00269320	1.600000
-0.00269280	1.600000
-0.00269240	1.600000
-0.00269200	1.680000
-0.00269160	1.680000
-0.00269120	1.640000
-0.00269080	1.680000
-0.00269040	1.680000
-0.00269000	1.680000
-0.00268960	1.680000
-0.00268920	1.680000
-0.00268880	1.680000
-0.00268840	1.680000
-0.00268800	1.680000
-0.00268760	1.720000
-0.00268720	1.680000
-0.00268680	1.720000
-0.00268640	1.720000
-0.00268600	1.720000
-0.00268560	1.720000
-0.00268520	1.720000
-0.00268480	1.720000
-0.00268440	1.720000
-0.00268400	1.720000
-0.00268360	1.720000
-0.00268320	1.680000
-0.00268280	1.680000
-0.00268240	1.720000
-0.00268200	1.680000
-0.00268160	1.680000
-0.00268120	1.680000
-0.00268080	1.680000
-0.00268040	1.680000
-0.00268000	1.640000
-0.00267960	1.640000
-0.00267920	1.640000
-0.00267880	1.680000
-0.00267840	1.600000
-0.00267800	1.600000
-0.00267760	1.600000
-0.00267720	1.600000
-0.00267680	1.600000
-0.00267640	1.560000
-0.00267600	1.600000
-0.00267560	1.520000
-0.00267520	1.560000
-0.00267480	1.520000
-0.00267440	1.520000
-0.00267400	1.480000
-0.00267360	1.520000
-0.00267320	1.480000
-0.00267280	1.440000
-0.00267240	1.440000
-0.00267200	1.440000
-0.00267160	1.360000
-0.00267120	1.400000
-0.00267080	1.360000
-0.00267040	1.280000
-0.00267000	1.320000
-0.00266960	1.280000
-0.00266920	1.280000
-0.00266880	1.280000
-0.00266840	1.240000
-0.00266800	1.240000
-0.00266760	1.200000
-0.00266720	1.200000
-0.00266680	1.120000
-0.00266640	1.120000
-0.00266600	1.120000
-0.00266560	1.120000
-0.00266520	1.080000
-0.00266480	1.040000
-0.00266440	1.000000
-0.00266400	1.000000
-0.00266360	0.960000
-0.00266320	0.960000
-0.00266280	0.920000
-0.00266240	0.880000
-0.00266200	0.880000
-0.00266160	0.840000
-0.00266120	0.800000
-0.00266080	0.800000
-0.00266040	0.760000
-0.00266000	0.720000
-0.00265960	0.720000
-0.00265920	0.640000
-0.00265880	0.640000
-0.00265840	0.640000
-0.00265800	0.560000
-0.00265760	0.600000
-0.00265720	0.560000
-0.00265680	0.480000
-0.00265640	0.480000
-0.00265600	0.440000
-0.00265560	0.400000
-0.00265520	0.360000
-0.00265480	0.360000
-0.00265440	0.360000
-0.00265400	0.360000
-0.00265360	0.280000
-0.00265320	0.280000
-0.00265280	0.240000
-0.00265240	0.200000
-0.00265200	0.200000
-0.00265160	0.160000
-0.00265120	0.120000
-0.00265080	0.040000
-0.00265040	0.040000
-0.00265000	0.040000
-0.00264960	0.040000
-0.00264920	-0.040000
-0.00264880	-0.080000
-0.00264840	-0.120000
-0.00264800	-0.120000
-0.00264760	-0.200000
-0.00264720	-0.200000
-0.00264680	-0.200000
-0.00264640	-0.280000
-0.00264600	-0.280000
-0.00264560	-0.280000
-0.00264520	-0.320000
-0.00264480	-0.320000
-0.00264440	-0.440000
-0.00264400	-0.440000
-0.00264360	-0.440000
-0.00264320	-0.480000
-0.00264280	-0.520000
-0.00264240	-0.520000
-0.00264200	-0.600000
-0.00264160	-0.600000
-0.00264120	-0.600000
-0.00264080	-0.680000
-0.00264040	-0.680000
-0.00264000	-0.720000
-0.00263960	-0.760000
-0.00263920	-0.760000
-0.00263880	-0.760000
-0.00263840	-0.840000
-0.00263800	-0.840000
-0.00263760	-0.840000
-0.00263720	-0.920000
-0.00263680	-0.920000
-0.00263640	-0.920000
-0.00263600	-1.000000
-0.00263560	-1.000000
-0.00263520	-1.000000
-0.00263480	-1.040000
-0.00263440	-1.080000
-0.00263400	-1.080000
-0.00263360	-1.120000
-0.00263320	-1.160000
-0.00263280	-1.120000
-0.00263240	-1.160000
-0.00263200	-1.160000
-0.00263160	-1.240000
-0.00263120	-1.240000
-0.00263080	-1.280000
-0.00263040	-1.320000
-0.00263000	-1.320000
-0.00262960	-1.320000
-0.00262920	-1.360000
-0.00262880	-1.320000
-0.00262840	-1.400000
-0.00262800	-1.400000
-0.00262760	-1.440000
-0.00262720	-1.400000
-0.00262680	-1.440000
-0.00262640	-1.480000
-0.00262600	-1.480000
-0.00262560	-1.480000
-0.00262520	-1.480000
-0.00262480	-1.520000
-0.00262440	-1.520000
-0.00262400	-1.560000
-0.00262360	-1.560000
-0.00262320	-1.560000
-0.00262280	-1.560000
-0.00262240	-1.560000
-0.00262200	-1.560000
-0.00262160	-1.560000
-0.00262120	-1.600000
-0.00262080	-1.640000
-0.00262040	-1.640000
-0.00262000	-1.640000
-0.00261960	-1.640000
-0.00261920	-1.640000
-0.00261880	-1.640000
-0.00261840	-1.680000
-0.00261800	-1.640000
-0.00261760	-1.720000
-0.00261720	-1.720000
-0.00261680	-1.720000
-0.00261640	-1.680000
-0.00261600	-1.680000
-0.00261560	-1.720000
-0.00261520	-1.680000
-0.00261480	-1.640000
-0.00261440	-1.720000
-0.00261400	-1.720000
-0.00261360	-1.720000
-0.00261320	-1.720000
-0.00261280	-1.720000
-0.00261240	-1.720000
-0.00261200	-1.680000
-0.00261160	-1.720000
-0.00261120	-1.680000
-0.00261080	-1.680000
-0.00261040	-1.680000
-0.00261000	-1.640000
-0.00260960	-1.640000
-0.00260920	-1.640000
-0.00260880	-1.640000
-0.00260840	-1.640000
-0.00260800	-1.640000
-0.00260760	-1.600000
-0.00260720	-1.560000
-0.00260680	-1.600000
-0.00260640	-1.560000
-0.00260600	-1.600000
-0.00260560	-1.560000
-0.00260520	-1.560000
-0.00260480	-1.560000
-0.00260440	-1.560000
-0.00260400	-1.480000
-0.00260360	-1.520000
-0.00260320	-1.480000
-0.00260280	-1.480000
-0.00260240	-1.440000
-0.00260200	-1.440000
-0.00260160	-1.400000
-0.00260120	-1.400000
-0.00260080	-1.400000
-0.00260040	-1.400000
-0.00260000	-1.320000
-0.00259960	-1.400000
-0.00259920	-1.360000
-0.00259880	-1.320000
-0.00259840	-1.240000
-0.00259800	-1.240000
-0.00259760	-1.240000
-0.00259720	-1.240000
-0.00259680	-1.240000
-0.00259640	-1.160000
-0.00259600	-1.160000
-0.00259560	-1.120000
-0.00259520	-1.080000
-0.00259480	-1.080000
-0.00259440	-1.080000
-0.00259400	-1.040000
-0.00259360	-1.040000
-0.00259320	-0.960000
-0.00259280	-1.000000
-0.00259240	-0.960000
-0.00259200	-0.920000
-0.00259160	-0.920000
-0.00259120	-0.880000
-0.00259080	-0.840000
-0.00259040	-0.800000
-0.00259000	-0.760000
-0.00258960	-0.760000
-0.00258920	-0.760000
-0.00258880	-0.720000
-0.00258840	-0.640000
-0.00258800	-0.680000
-0.00258760	-0.640000
-0.00258720	-0.600000
-0.00258680	-0.600000
-0.00258640	-0.520000
-0.00258600	-0.520000
-0.00258560	-0.520000
-0.00258520	-0.480000
-0.00258480	-0.440000
-0.00258440	-0.440000
-0.00258400	-0.360000
-0.00258360	-0.360000
-0.00258320	-0.280000
-0.00258280	-0.280000
-0.00258240	-0.280000
-0.00258200	-0.200000
-0.00258160	-0.200000
-0.00258120	-0.160000
-0.00258080	-0.120000
-0.00258040	-0.120000
-0.00258000	-0.120000
-0.00257960	-0.040000
-0.00257920	0.000000
-0.00257880	0.040000
-0.00257840	0.040000
-0.00257800	0.080000
-0.00257760	0.080000
-0.00257720	0.120000
-0.00257680	0.160000
-0.00257640	0.200000
-0.00257600	0.200000
-0.00257560	0.240000
-0.00257520	0.280000
-0.00257480	0.320000
-0.00257440	0.360000
-0.00257400	0.360000
-0.00257360	0.360000
-0.00257320	0.400000
-0.00257280	0.440000
-0.00257240	0.480000
-0.00257200	0.480000
-0.00257160	0.480000
-0.00257120	0.520000
-0.00257080	0.600000
-0.00257040	0.600000
-0.00257000	0.600000
-0.00256960	0.640000
-0.00256920	0.720000
-0.00256880	0.720000
-0.00256840	0.720000
-0.00256800	0.760000
-0.00256760	0.800000
-0.00256720	0.800000
-0.00256680	0.840000
-0.00256640	0.920000
-0.00256600	0.880000
-0.00256560	0.880000
-0.00256520	0.960000
-0.00256480	0.960000
-0.00256440	1.000000
-0.00256400	1.000000
-0.00256360	1.040000
-0.00256320	1.040000
-0.00256280	1.080000
-0.00256240	1.120000
-0.00256200	1.120000
-0.00256160	1.120000
-0.00256120	1.160000
-0.00256080	1.200000
-0.00256040	1.200000
-0.00256000	1.240000
-0.00255960	1.280000
-0.00255920	1.280000
-0.00255880	1.280000
-0.00255840	1.280000
-0.00255800	1.360000
-0.00255760	1.320000
-0.00255720	1.360000
-0.00255680	1.400000
-0.00255640	1.400000
-0.00255600	1.360000
-0.00255560	1.440000
-0.00255520	1.440000
-0.00255480	1.440000
-0.00255440	1.440000
-0.00255400	1.480000
-0.00255360	1.520000
-0.00255320	1.520000
-0.00255280	1.520000
-0.00255240	1.520000
-0.00255200	1.520000
-0.00255160	1.600000
-0.00255120	1.560000
-0.00255080	1.560000
-0.00255040	1.560000
-0.00255000	1.600000
-0.00254960	1.600000
-0.00254920	1.600000
-0.00254880	1.600000
-0.00254840	1.600000
-0.00254800	1.640000
-0.00254760	1.600000
-0.00254720	1.640000
-0.00254680	1.640000
-0.00254640	1.640000
-0.00254600	1.680000
-0.00254560	1.640000
-0.00254520	1.680000
-0.00254480	1.680000
-0.00254440	1.680000
-0.00254400	1.640000
-0.00254360	1.680000
-0.00254320	1.680000
-0.00254280	1.680000
-0.00254240	1.640000
-0.00254200	1.680000
-0.00254160	1.640000
-0.00254120	1.680000
-0.00254080	1.680000
-0.00254040	1.680000
-0.00254000	1.640000
-0.00253960	1.600000
-0.00253920	1.640000
-0.00253880	1.640000
-0.00253840	1.600000
-0.00253800	1.600000
-0.00253760	1.600000
-0.00253720	1.600000
-0.00253680	1.600000
-0.00253640	1.560000
-0.00253600	1.600000
-0.00253560	1.560000
-0.00253520	1.560000
-0.00253480	1.520000
-0.00253440	1.520000
-0.00253400	1.520000
-0.00253360	1.480000
-0.00253320	1.520000
-0.00253280	1.480000
-0.00253240	1.440000
-0.00253200	1.440000
-0.00253160	1.440000
-0.00253120	1.440000
-0.00253080	1.400000
-0.00253040	1.400000
-0.00253000	1.360000
-0.00252960	1.360000
-0.00252920	1.280000
-0.00252880	1.320000
-0.00252840	1.280000
-0.00252800	1.280000
-0.00252760	1.240000
-0.00252720	1.240000
-0.00252680	1.240000
-0.00252640	1.200000
-0.00252600	1.200000
-0.00252560	1.120000
-0.00252520	1.120000
-0.00252480	1.120000
-0.00252440	1.120000
-0.00252400	1.040000
-0.00252360	1.040000
-0.00252320	1.040000
-0.00252280	1.040000
-0.00252240	0.960000
-0.00252200	0.960000
-0.00252160	0.960000
-0.00252120	0.920000
-0.00252080	0.920000
-0.00252040	0.840000
-0.00252000	0.800000
-0.00251960	0.800000
-0.00251920	0.800000
-0.00251880	0.760000
-0.00251840	0.720000
-0.00251800	0.720000
-0.00251760	0.680000
-0.00251720	0.640000
-0.00251680	0.600000
-0.00251640	0.560000
-0.00251600	0.560000
-0.00251560	0.520000
-0.00251520	0.480000
-0.00251480	0.480000
-0.00251440	0.400000
-0.00251400	0.400000
-0.00251360	0.400000
-0.00251320	0.360000
-0.00251280	0.360000
-0.00251240	0.320000
-0.00251200	0.280000
-0.00251160	0.280000
-0.00251120	0.280000
-0.00251080	0.200000
-0.00251040	0.200000
-0.00251000	0.200000
-0.00250960	0.120000
-0.00250920	0.080000
-0.00250880	0.040000
-0.00250840	0.040000
-0.00250800	0.000000
-0.00250760	-0.040000
-0.00250720	-0.080000
-0.00250680	-0.120000
-0.00250640	-0.120000
-0.00250600	-0.120000
-0.00250560	-0.160000
-0.00250520	-0.240000
-0.00250480	-0.240000
-0.00250440	-0.280000
-0.00250400	-0.280000
-0.00250360	-0.320000
-0.00250320	-0.360000
-0.00250280	-0.400000
-0.00250240	-0.440000
-0.00250200	-0.440000
-0.00250160	-0.480000
-0.00250120	-0.520000
-0.00250080	-0.520000
-0.00250040	-0.520000
-0.00250000	-0.600000
-0.00249960	-0.600000
-0.00249920	-0.640000
-0.00249880	-0.720000
-0.00249840	-0.680000
-0.00249800	-0.760000
-0.00249760	-0.760000
-0.00249720	-0.760000
-0.00249680	-0.800000
-0.00249640	-0.840000
-0.00249600	-0.840000
-0.00249560	-0.840000
-0.00249520	-0.920000
-0.00249480	-0.920000
-0.00249440	-0.920000
-0.00249400	-1.000000
-0.00249360	-1.000000
-0.00249320	-1.040000
-0.00249280	-1.080000
-0.00249240	-1.080000
-0.00249200	-1.080000
-0.00249160	-1.120000
-0.00249120	-1.120000
-0.00249080	-1.240000
-0.00249040	-1.160000
-0.00249000	-1.240000
-0.00248960	-1.240000
-0.00248920	-1.240000
-0.00248880	-1.280000
-0.00248840	-1.280000
-0.00248800	-1.320000
-0.00248760	-1.320000
-0.00248720	-1.360000
-0.00248680	-1.360000
-0.00248640	-1.400000
-0.00248600	-1.400000
-0.00248560	-1.400000
-0.00248520	-1.400000
-0.00248480	-1.440000
-0.00248440	-1.440000
-0.00248400	-1.480000
-0.00248360	-1.480000
-0.00248320	-1.480000
-0.00248280	-1.480000
-0.00248240	-1.520000
-0.00248200	-1.560000
-0.00248160	-1.560000
-0.00248120	-1.560000
-0.00248080	-1.560000
-0.00248040	-1.600000
-0.00248000	-1.600000
-0.00247960	-1.600000
-0.00247920	-1.600000
-0.00247880	-1.600000
-0.00247840	-1.600000
-0.00247800	-1.640000
-0.00247760	-1.640000
-0.00247720	-1.640000
-0.00247680	-1.680000
-0.00247640	-1.640000
-0.00247600	-1.680000
-0.00247560	-1.680000
-0.00247520	-1.640000
-0.00247480	-1.640000
-0.00247440	-1.680000
-0.00247400	-1.720000
-0.00247360	-1.720000
-0.00247320	-1.720000
-0.00247280	-1.720000
-0.00247240	-1.720000
-0.00247200	-1.680000
-0.00247160	-1.680000
-0.00247120	-1.680000
-0.00247080	-1.680000
-0.00247040	-1.680000
-0.00247000	-1.680000
-0.00246960	-1.680000
-0.00246920	-1.680000
-0.00246880	-1.640000
-0.00246840	-1.640000
-0.00246800	-1.680000
-0.00246760	-1.640000
-0.00246720	-1.600000
-0.00246680	-1.600000
-0.00246640	-1.640000
-0.00246600	-1.640000
-0.00246560	-1.600000
-0.00246520	-1.600000
-0.00246480	-1.600000
-0.00246440	-1.560000
-0.00246400	-1.560000
-0.00246360	-1.560000
-0.00246320	-1.560000
-0.00246280	-1.560000
-0.00246240	-1.520000
-0.00246200	-1.480000
-0.00246160	-1.480000
-0.00246120	-1.480000
-0.00246080	-1.480000
-0.00246040	-1.440000
-0.00246000	-1.400000
-0.00245960	-1.400000
-0.00245920	-1.400000
-0.00245880	-1.400000
-0.00245840	-1.400000
-0.00245800	-1.320000
-0.00245760	-1.320000
-0.00245720	-1.320000
-0.00245680	-1.280000
-0.00245640	-1.240000
-0.00245600	-1.240000
-0.00245560	-1.240000
-0.00245520	-1.200000
-0.00245480	-1.160000
-0.00245440	-1.160000
-0.00245400	-1.160000
-0.00245360	-1.080000
-0.00245320	-1.080000
-0.00245280	-1.080000
-0.00245240	-1.080000
-0.00245200	-1.000000
-0.00245160	-1.000000
-0.00245120	-0.960000
-0.00245080	-0.960000
-0.00245040	-0.920000
-0.00245000	-0.920000
-0.00244960	-0.840000
-0.00244920	-0.840000
-0.00244880	-0.840000
-0.00244840	-0.760000
-0.00244800	-0.760000
-0.00244760	-0.760000
-0.00244720	-0.680000
-0.00244680	-0.680000
-0.00244640	-0.600000
-0.00244600	-0.600000
-0.00244560	-0.600000
-0.00244520	-0.560000
-0.00244480	-0.520000
-0.00244440	-0.520000
-0.00244400	-0.480000
-0.00244360	-0.440000
-0.00244320	-0.440000
-0.00244280	-0.440000
-0.00244240	-0.360000
-0.00244200	-0.320000
-0.00244160	-0.320000
-0.00244120	-0.280000
-0.00244080	-0.280000
-0.00244040	-0.200000
-0.00244000	-0.160000
-0.00243960	-0.160000
-0.00243920	-0.120000
-0.00243880	-0.120000
-0.00243840	-0.080000
-0.00243800	-0.040000
-0.00243760	0.000000
-0.00243720	0.040000
-0.00243680	0.080000
-0.00243640	0.080000
-0.00243600	0.120000
-0.00243560	0.160000
-0.00243520	0.200000
-0.00243480	0.200000
-0.00243440	0.280000
-0.00243400	0.280000
-0.00243360	0.320000
-0.00243320	0.320000
-0.00243280	0.360000
-0.00243240	0.360000
-0.00243200	0.400000
-0.00243160	0.400000
-0.00243120	0.480000
-0.00243080	0.480000
-0.00243040	0.480000
-0.00243000	0.560000
-0.00242960	0.560000
-0.00242920	0.600000
-0.00242880	0.640000
-0.00242840	0.640000
-0.00242800	0.680000
-0.00242760	0.720000
-0.00242720	0.720000
-0.00242680	0.760000
-0.00242640	0.800000
-0.00242600	0.800000
-0.00242560	0.840000
-0.00242520	0.880000
-0.00242480	0.920000
-0.00242440	0.960000
-0.00242400	0.960000
-0.00242360	0.960000
-0.00242320	1.040000
-0.00242280	1.040000
-0.00242240	1.040000
-0.00242200	1.080000
-0.00242160	1.080000
-0.00242120	1.120000
-0.00242080	1.120000
-0.00242040	1.160000
-0.00242000	1.200000
-0.00241960	1.200000
-0.00241920	1.240000
-0.00241880	1.280000
-0.00241840	1.280000
-0.00241800	1.280000
-0.00241760	1.280000
-0.00241720	1.320000
-0.00241680	1.320000
-0.00241640	1.360000
-0.00241600	1.400000
-0.00241560	1.440000
-0.00241520	1.440000
-0.00241480	1.440000
-0.00241440	1.440000
-0.00241400	1.520000
-0.00241360	1.440000
-0.00241320	1.520000
-0.00241280	1.520000
-0.00241240	1.560000
-0.00241200	1.560000
-0.00241160	1.560000
-0.00241120	1.600000
-0.00241080	1.600000
-0.00241040	1.600000
-0.00241000	1.600000
-0.00240960	1.600000
-0.00240920	1.680000
-0.00240880	1.640000
-0.00240840	1.680000
-0.00240800	1.680000
-0.00240760	1.680000
-0.00240720	1.680000
-0.00240680	1.680000
-0.00240640	1.680000
-0.00240600	1.720000
-0.00240560	1.680000
-0.00240520	1.680000
-0.00240480	1.720000
-0.00240440	1.720000
-0.00240400	1.720000
-0.00240360	1.720000
-0.00240320	1.760000
-0.00240280	1.720000
-0.00240240	1.720000
-0.00240200	1.720000
-0.00240160	1.680000
-0.00240120	1.720000
-0.00240080	1.760000
-0.00240040	1.720000
-0.00240000	1.720000
-0.00239960	1.720000
-0.00239920	1.720000
-0.00239880	1.680000
-0.00239840	1.720000
-0.00239800	1.680000
-0.00239760	1.720000
-0.00239720	1.680000
-0.00239680	1.680000
-0.00239640	1.680000
-0.00239600	1.680000
-0.00239560	1.680000
-0.00239520	1.600000
-0.00239480	1.680000
-0.00239440	1.680000
-0.00239400	1.600000
-0.00239360	1.600000
-0.00239320	1.600000
-0.00239280	1.600000
-0.00239240	1.600000
-0.00239200	1.560000
-0.00239160	1.560000
-0.00239120	1.520000
-0.00239080	1.520000
-0.00239040	1.520000
-0.00239000	1.480000
-0.00238960	1.440000
-0.00238920	1.440000
-0.00238880	1.440000
-0.00238840	1.440000
-0.00238800	1.400000
-0.00238760	1.360000
-0.00238720	1.360000
-0.00238680	1.360000
-0.00238640	1.320000
-0.00238600	1.320000
-0.00238560	1.280000
-0.00238520	1.280000
-0.00238480	1.280000
-0.00238440	1.240000
-0.00238400	1.200000
-0.00238360	1.240000
-0.00238320	1.120000
-0.00238280	1.120000
-0.00238240	1.120000
-0.00238200	1.120000
-0.00238160	1.040000
-0.00238120	1.080000
-0.00238080	1.040000
-0.00238040	1.040000
-0.00238000	0.960000
-0.00237960	0.960000
-0.00237920	0.960000
-0.00237880	0.880000
-0.00237840	0.840000
-0.00237800	0.800000
-0.00237760	0.800000
-0.00237720	0.760000
-0.00237680	0.800000
-0.00237640	0.720000
-0.00237600	0.720000
-0.00237560	0.640000
-0.00237520	0.640000
-0.00237480	0.600000
-0.00237440	0.600000
-0.00237400	0.560000
-0.00237360	0.520000
-0.00237320	0.480000
-0.00237280	0.480000
-0.00237240	0.400000
-0.00237200	0.400000
-0.00237160	0.400000
-0.00237120	0.360000
-0.00237080	0.360000
-0.00237040	0.320000
-0.00237000	0.320000
-0.00236960	0.280000
-0.00236920	0.200000
-0.00236880	0.240000
-0.00236840	0.200000
-0.00236800	0.120000
-0.00236760	0.120000
-0.00236720	0.040000
-0.00236680	0.040000
-0.00236640	0.000000
-0.00236600	-0.040000
-0.00236560	-0.080000
-0.00236520	-0.120000
-0.00236480	-0.120000
-0.00236440	-0.160000
-0.00236400	-0.200000
-0.00236360	-0.200000
-0.00236320	-0.280000
-0.00236280	-0.280000
-0.00236240	-0.280000
-0.00236200	-0.360000
-0.00236160	-0.360000
-0.00236120	-0.400000
-0.00236080	-0.440000
-0.00236040	-0.440000
-0.00236000	-0.520000
-0.00235960	-0.520000
-0.00235920	-0.560000
-0.00235880	-0.600000
-0.00235840	-0.600000
-0.00235800	-0.640000
-0.00235760	-0.680000
-0.00235720	-0.680000
-0.00235680	-0.760000
-0.00235640	-0.760000
-0.00235600	-0.800000
-0.00235560	-0.800000
-0.00235520	-0.840000
-0.00235480	-0.840000
-0.00235440	-0.920000
-0.00235400	-0.920000
-0.00235360	-0.920000
-0.00235320	-0.960000
-0.00235280	-1.000000
-0.00235240	-1.000000
-0.00235200	-1.080000
-0.00235160	-1.080000
-0.00235120	-1.080000
-0.00235080	-1.120000
-0.00235040	-1.160000
-0.00235000	-1.160000
-0.00234960	-1.200000
-0.00234920	-1.240000
-0.00234880	-1.280000
-0.00234840	-1.280000
-0.00234800	-1.320000
-0.00234760	-1.320000
-0.00234720	-1.320000
-0.00234680	-1.400000
-0.00234640	-1.400000
-0.00234600	-1.400000
-0.00234560	-1.400000
-0.00234520	-1.480000
-0.00234480	-1.480000
-0.00234440	-1.480000
-0.00234400	-1.520000
-0.00234360	-1.520000
-0.00234320	-1.560000
-0.00234280	-1.560000
-0.00234240	-1.560000
-0.00234200	-1.600000
-0.00234160	-1.600000
-0.00234120	-1.600000
-0.00234080	-1.640000
-0.00234040	-1.680000
-0.00234000	-1.640000
-0.00233960	-1.640000
-0.00233920	-1.720000
-0.00233880	-1.720000
-0.00233840	-1.720000
-0.00233800	-1.720000
-0.00233760	-1.720000
-0.00233720	-1.720000
-0.00233680	-1.720000
-0.00233640	-1.760000
-0.00233600	-1.720000
-0.00233560	-1.760000
-0.00233520	-1.760000
-0.00233480	-1.800000
-0.00233440	-1.800000
-0.00233400	-1.800000
-0.00233360	-1.800000
-0.00233320	-1.800000
-0.00233280	-1.800000
-0.00233240	-1.800000
-0.00233200	-1.840000
-0.00233160	-1.800000
-0.00233120	-1.840000
-0.00233080	-1.800000
-0.00233040	-1.800000
-0.00233000	-1.800000
-0.00232960	-1.800000
-0.00232920	-1.800000
-0.00232880	-1.800000
-0.00232840	-1.800000
-0.00232800	-1.800000
-0.00232760	-1.800000
-0.00232720	-1.800000
-0.00232680	-1.800000
-0.00232640	-1.800000
-0.00232600	-1.800000
-0.00232560	-1.760000
-0.00232520	-1.720000
-0.00232480	-1.720000
-0.00232440	-1.760000
-0.00232400	-1.720000
-0.00232360	-1.720000
-0.00232320	-1.720000
-0.00232280	-1.720000
-0.00232240	-1.720000
-0.00232200	-1.720000
-0.00232160	-1.680000
-0.00232120	-1.640000
-0.00232080	-1.640000
-0.00232040	-1.640000
-0.00232000	-1.640000
-0.00231960	-1.600000
-0.00231920	-1.560000
-0.00231880	-1.560000
-0.00231840	-1.560000
-0.00231800	-1.560000
-0.00231760	-1.560000
-0.00231720	-1.520000
-0.00231680	-1.520000
-0.00231640	-1.480000
-0.00231600	-1.480000
-0.00231560	-1.440000
-0.00231520	-1.400000
-0.00231480	-1.400000
-0.00231440	-1.400000
-0.00231400	-1.360000
-0.00231360	-1.360000
-0.00231320	-1.320000
-0.00231280	-1.280000
-0.00231240	-1.240000
-0.00231200	-1.240000
-0.00231160	-1.240000
-0.00231120	-1.200000
-0.00231080	-1.160000
-0.00231040	-1.160000
-0.00231000	-1.160000
-0.00230960	-1.080000
-0.00230920	-1.080000
-0.00230880	-1.040000
-0.00230840	-1.040000
-0.00230800	-1.000000
-0.00230760	-0.960000
-0.00230720	-0.920000
-0.00230680	-0.920000
-0.00230640	-0.880000
-0.00230600	-0.840000
-0.00230560	-0.840000
-0.00230520	-0.800000
-0.00230480	-0.760000
-0.00230440	-0.760000
-0.00230400	-0.720000
-0.00230360	-0.680000
-0.00230320	-0.640000
-0.00230280	-0.600000
-0.00230240	-0.600000
-0.00230200	-0.520000
-0.00230160	-0.520000
-0.00230120	-0.480000
-0.00230080	-0.440000
-0.00230040	-0.440000
-0.00230000	-0.440000
-0.00229960	-0.360000
-0.00229920	-0.360000
-0.00229880	-0.280000
-0.00229840	-0.280000
-0.00229800	-0.240000
-0.00229760	-0.200000
-0.00229720	-0.160000
-0.00229680	-0.160000
-0.00229640	-0.120000
-0.00229600	-0.080000
-0.00229560	-0.040000
-0.00229520	0.000000
-0.00229480	0.040000
-0.00229440	0.040000
-0.00229400	0.120000
-0.00229360	0.120000
-0.00229320	0.160000
-0.00229280	0.200000
-0.00229240	0.200000
-0.00229200	0.200000
-0.00229160	0.280000
-0.00229120	0.280000
-0.00229080	0.360000
-0.00229040	0.360000
-0.00229000	0.360000
-0.00228960	0.400000
-0.00228920	0.440000
-0.00228880	0.480000
-0.00228840	0.520000
-0.00228800	0.520000
-0.00228760	0.560000
-0.00228720	0.560000
-0.00228680	0.640000
-0.00228640	0.680000
-0.00228600	0.720000
-0.00228560	0.720000
-0.00228520	0.760000
-0.00228480	0.800000
-0.00228440	0.800000
-0.00228400	0.880000
-0.00228360	0.880000
-0.00228320	0.880000
-0.00228280	0.920000
-0.00228240	0.960000
-0.00228200	1.000000
-0.00228160	1.000000
-0.00228120	1.040000
-0.00228080	1.080000
-0.00228040	1.120000
-0.00228000	1.120000
-0.00227960	1.120000
-0.00227920	1.160000
-0.00227880	1.200000
-0.00227840	1.200000
-0.00227800	1.240000
-0.00227760	1.280000
-0.00227720	1.280000
-0.00227680	1.360000
-0.00227640	1.360000
-0.00227600	1.360000
-0.00227560	1.360000
-0.00227520	1.400000
-0.00227480	1.440000
-0.00227440	1.440000
-0.00227400	1.480000
-0.00227360	1.480000
-0.00227320	1.560000
-0.00227280	1.520000
-0.00227240	1.560000
-0.00227200	1.600000
-0.00227160	1.600000
-0.00227120	1.600000
-0.00227080	1.600000
-0.00227040	1.680000
-0.00227000	1.680000
-0.00226960	1.680000
-0.00226920	1.680000
-0.00226880	1.680000
-0.00226840	1.760000
-0.00226800	1.720000
-0.00226760	1.760000
-0.00226720	1.760000
-0.00226680	1.760000
-0.00226640	1.760000
-0.00226600	1.800000
-0.00226560	1.840000
-0.00226520	1.840000
-0.00226480	1.800000
-0.00226440	1.840000
-0.00226400	1.840000
-0.00226360	1.840000
-0.00226320	1.840000
-0.00226280	1.880000
-0.00226240	1.840000
-0.00226200	1.880000
-0.00226160	1.840000
-0.00226120	1.880000
-0.00226080	1.880000
-0.00226040	1.920000
-0.00226000	1.880000
-0.00225960	1.880000
-0.00225920	1.880000
-0.00225880	1.920000
-0.00225840	1.880000
-0.00225800	1.880000
-0.00225760	1.880000
-0.00225720	1.880000
-0.00225680	1.880000
-0.00225640	1.920000
-0.00225600	1.840000
-0.00225560	1.880000
-0.00225520	1.880000
-0.00225480	1.840000
-0.00225440	1.880000
-0.00225400	1.840000
-0.00225360	1.880000
-0.00225320	1.840000
-0.00225280	1.840000
-0.00225240	1.800000
-0.00225200	1.800000
-0.00225160	1.760000
-0.00225120	1.760000
-0.00225080	1.760000
-0.00225040	1.760000
-0.00225000	1.760000
-0.00224960	1.720000
-0.00224920	1.720000
-0.00224880	1.720000
-0.00224840	1.720000
-0.00224800	1.680000
-0.00224760	1.680000
-0.00224720	1.640000
-0.00224680	1.640000
-0.00224640	1.600000
-0.00224600	1.600000
-0.00224560	1.600000
-0.00224520	1.560000
-0.00224480	1.560000
-0.00224440	1.560000
-0.00224400	1.520000
-0.00224360	1.480000
-0.00224320	1.440000
-0.00224280	1.440000
-0.00224240	1.400000
-0.00224200	1.400000
-0.00224160	1.360000
-0.00224120	1.360000
-0.00224080	1.360000
-0.00224040	1.320000
-0.00224000	1.280000
-0.00223960	1.280000
-0.00223920	1.200000
-0.00223880	1.200000
-0.00223840	1.200000
-0.00223800	1.160000
-0.00223760	1.120000
-0.00223720	1.120000
-0.00223680	1.080000
-0.00223640	1.040000
-0.00223600	1.040000
-0.00223560	1.000000
-0.00223520	0.960000
-0.00223480	0.960000
-0.00223440	0.920000
-0.00223400	0.880000
-0.00223360	0.880000
-0.00223320	0.800000
-0.00223280	0.800000
-0.00223240	0.800000
-0.00223200	0.720000
-0.00223160	0.720000
-0.00223120	0.640000
-0.00223080	0.640000
-0.00223040	0.600000
-0.00223000	0.560000
-0.00222960	0.560000
-0.00222920	0.480000
-0.00222880	0.480000
-0.00222840	0.440000
-0.00222800	0.400000
-0.00222760	0.400000
-0.00222720	0.360000
-0.00222680	0.360000
-0.00222640	0.360000
-0.00222600	0.280000
-0.00222560	0.240000
-0.00222520	0.200000
-0.00222480	0.200000
-0.00222440	0.160000
-0.00222400	0.120000
-0.00222360	0.040000
-0.00222320	0.040000
-0.00222280	0.000000
-0.00222240	-0.040000
-0.00222200	-0.080000
-0.00222160	-0.120000
-0.00222120	-0.120000
-0.00222080	-0.160000
-0.00222040	-0.200000
-0.00222000	-0.240000
-0.00221960	-0.240000
-0.00221920	-0.280000
-0.00221880	-0.360000
-0.00221840	-0.400000
-0.00221800	-0.400000
-0.00221760	-0.440000
-0.00221720	-0.480000
-0.00221680	-0.480000
-0.00221640	-0.520000
-0.00221600	-0.520000
-0.00221560	-0.600000
-0.00221520	-0.600000
-0.00221480	-0.640000
-0.00221440	-0.680000
-0.00221400	-0.720000
-0.00221360	-0.760000
-0.00221320	-0.760000
-0.00221280	-0.800000
-0.00221240	-0.840000
-0.00221200	-0.840000
-0.00221160	-0.880000
-0.00221120	-0.920000
-0.00221080	-0.920000
-0.00221040	-1.000000
-0.00221000	-1.000000
-0.00220960	-1.080000
-0.00220920	-1.080000
-0.00220880	-1.080000
-0.00220840	-1.120000
-0.00220800	-1.160000
-0.00220760	-1.200000
-0.00220720	-1.240000
-0.00220680	-1.240000
-0.00220640	-1.280000
-0.00220600	-1.280000
-0.00220560	-1.320000
-0.00220520	-1.320000
-0.00220480	-1.360000
-0.00220440	-1.400000
-0.00220400	-1.400000
-0.00220360	-1.440000
-0.00220320	-1.440000
-0.00220280	-1.480000
-0.00220240	-1.480000
-0.00220200	-1.520000
-0.00220160	-1.520000
-0.00220120	-1.560000
-0.00220080	-1.560000
-0.00220040	-1.560000
-0.00220000	-1.600000
-0.00219960	-1.640000
-0.00219920	-1.640000
-0.00219880	-1.680000
-0.00219840	-1.680000
-0.00219800	-1.720000
-0.00219760	-1.720000
-0.00219720	-1.720000
-0.00219680	-1.720000
-0.00219640	-1.760000
-0.00219600	-1.760000
-0.00219560	-1.760000
-0.00219520	-1.800000
-0.00219480	-1.840000
-0.00219440	-1.840000
-0.00219400	-1.880000
-0.00219360	-1.880000
-0.00219320	-1.880000
-0.00219280	-1.880000
-0.00219240	-1.880000
-0.00219200	-1.880000
-0.00219160	-1.880000
-0.00219120	-1.920000
-0.00219080	-1.920000
-0.00219040	-1.880000
-0.00219000	-1.920000
-0.00218960	-1.920000
-0.00218920	-1.960000
-0.00218880	-1.920000
-0.00218840	-1.920000
-0.00218800	-1.920000
-0.00218760	-1.920000
-0.00218720	-1.960000
-0.00218680	-1.960000
-0.00218640	-1.920000
-0.00218600	-1.960000
-0.00218560	-1.920000
-0.00218520	-1.960000
-0.00218480	-1.960000
-0.00218440	-1.920000
-0.00218400	-1.920000
-0.00218360	-1.920000
-0.00218320	-1.920000
-0.00218280	-1.880000
-0.00218240	-1.920000
-0.00218200	-1.880000
-0.00218160	-1.880000
-0.00218120	-1.920000
-0.00218080	-1.880000
-0.00218040	-1.880000
-0.00218000	-1.880000
-0.00217960	-1.880000
-0.00217920	-1.880000
-0.00217880	-1.840000
-0.00217840	-1.800000
-0.00217800	-1.800000
-0.00217760	-1.800000
-0.00217720	-1.760000
-0.00217680	-1.760000
-0.00217640	-1.760000
-0.00217600	-1.760000
-0.00217560	-1.720000
-0.00217520	-1.720000
-0.00217480	-1.680000
-0.00217440	-1.680000
-0.00217400	-1.680000
-0.00217360	-1.640000
-0.00217320	-1.640000
-0.00217280	-1.600000
-0.00217240	-1.560000
-0.00217200	-1.560000
-0.00217160	-1.560000
-0.00217120	-1.520000
-0.00217080	-1.520000
-0.00217040	-1.520000
-0.00217000	-1.440000
-0.00216960	-1.400000
-0.00216920	-1.400000
-0.00216880	-1.400000
-0.00216840	-1.400000
-0.00216800	-1.320000
-0.00216760	-1.320000
-0.00216720	-1.320000
-0.00216680	-1.240000
-0.00216640	-1.240000
-0.00216600	-1.240000
-0.00216560	-1.160000
-0.00216520	-1.160000
-0.00216480	-1.160000
-0.00216440	-1.120000
-0.00216400	-1.080000
-0.00216360	-1.080000
-0.00216320	-1.040000
-0.00216280	-1.000000
-0.00216240	-0.960000
-0.00216200	-0.920000
-0.00216160	-0.920000
-0.00216120	-0.840000
-0.00216080	-0.840000
-0.00216040	-0.800000
-0.00216000	-0.760000
-0.00215960	-0.760000
-0.00215920	-0.720000
-0.00215880	-0.680000
-0.00215840	-0.640000
-0.00215800	-0.600000
-0.00215760	-0.560000
-0.00215720	-0.520000
-0.00215680	-0.520000
-0.00215640	-0.480000
-0.00215600	-0.440000
-0.00215560	-0.440000
-0.00215520	-0.400000
-0.00215480	-0.360000
-0.00215440	-0.280000
-0.00215400	-0.280000
-0.00215360	-0.280000
-0.00215320	-0.240000
-0.00215280	-0.160000
-0.00215240	-0.160000
-0.00215200	-0.120000
-0.00215160	-0.080000
-0.00215120	-0.080000
-0.00215080	0.000000
-0.00215040	0.000000
-0.00215000	0.040000
-0.00214960	0.080000
-0.00214920	0.120000
-0.00214880	0.160000
-0.00214840	0.200000
-0.00214800	0.240000
-0.00214760	0.280000
-0.00214720	0.280000
-0.00214680	0.320000
-0.00214640	0.360000
-0.00214600	0.360000
-0.00214560	0.400000
-0.00214520	0.440000
-0.00214480	0.440000
-0.00214440	0.480000
-0.00214400	0.520000
-0.00214360	0.560000
-0.00214320	0.600000
-0.00214280	0.640000
-0.00214240	0.640000
-0.00214200	0.640000
-0.00214160	0.720000
-0.00214120	0.800000
-0.00214080	0.800000
-0.00214040	0.800000
-0.00214000	0.800000
-0.00213960	0.840000
-0.00213920	0.920000
-0.00213880	0.960000
-0.00213840	0.960000
-0.00213800	1.000000
-0.00213760	1.040000
-0.00213720	1.040000
-0.00213680	1.080000
-0.00213640	1.120000
-0.00213600	1.120000
-0.00213560	1.160000
-0.00213520	1.200000
-0.00213480	1.200000
-0.00213440	1.240000
-0.00213400	1.240000
-0.00213360	1.280000
-0.00213320	1.320000
-0.00213280	1.360000
-0.00213240	1.360000
-0.00213200	1.400000
-0.00213160	1.440000
-0.00213120	1.440000
-0.00213080	1.440000
-0.00213040	1.440000
-0.00213000	1.520000
-0.00212960	1.520000
-0.00212920	1.520000
-0.00212880	1.560000
-0.00212840	1.600000
-0.00212800	1.600000
-0.00212760	1.600000
-0.00212720	1.640000
-0.00212680	1.680000
-0.00212640	1.680000
-0.00212600	1.680000
-0.00212560	1.720000
-0.00212520	1.720000
-0.00212480	1.760000
-0.00212440	1.760000
-0.00212400	1.760000
-0.00212360	1.760000
-0.00212320	1.800000
-0.00212280	1.760000
-0.00212240	1.800000
-0.00212200	1.840000
-0.00212160	1.840000
-0.00212120	1.840000
-0.00212080	1.880000
-0.00212040	1.840000
-0.00212000	1.880000
-0.00211960	1.880000
-0.00211920	1.880000
-0.00211880	1.880000
-0.00211840	1.920000
-0.00211800	1.880000
-0.00211760	1.920000
-0.00211720	1.920000
-0.00211680	1.920000
-0.00211640	1.920000
-0.00211600	1.920000
-0.00211560	1.920000
-0.00211520	1.920000
-0.00211480	1.920000
-0.00211440	1.920000
-0.00211400	1.960000
-0.00211360	1.920000
-0.00211320	1.920000
-0.00211280	1.920000
-0.00211240	1.920000
-0.00211200	1.920000
-0.00211160	1.920000
-0.00211120	1.920000
-0.00211080	1.920000
-0.00211040	1.880000
-0.00211000	1.920000
-0.00210960	1.840000
-0.00210920	1.880000
-0.00210880	1.880000
-0.00210840	1.920000
-0.00210800	1.840000
-0.00210760	1.880000
-0.00210720	1.840000
-0.00210680	1.800000
-0.00210640	1.760000
-0.00210600	1.800000
-0.00210560	1.800000
-0.00210520	1.760000
-0.00210480	1.760000
-0.00210440	1.760000
-0.00210400	1.760000
-0.00210360	1.720000
-0.00210320	1.720000
-0.00210280	1.720000
-0.00210240	1.680000
-0.00210200	1.680000
-0.00210160	1.640000
-0.00210120	1.600000
-0.00210080	1.600000
-0.00210040	1.600000
-0.00210000	1.560000
-0.00209960	1.560000
-0.00209920	1.520000
-0.00209880	1.480000
-0.00209840	1.480000
-0.00209800	1.440000
-0.00209760	1.440000
-0.00209720	1.440000
-0.00209680	1.400000
-0.00209640	1.360000
-0.00209600	1.360000
-0.00209560	1.280000
-0.00209520	1.280000
-0.00209480	1.240000
-0.00209440	1.240000
-0.00209400	1.160000
-0.00209360	1.200000
-0.00209320	1.160000
-0.00209280	1.120000
-0.00209240	1.120000
-0.00209200	1.120000
-0.00209160	1.040000
-0.00209120	1.000000
-0.00209080	1.000000
-0.00209040	0.960000
-0.00209000	0.960000
-0.00208960	0.920000
-0.00208920	0.880000
-0.00208880	0.880000
-0.00208840	0.800000
-0.00208800	0.800000
-0.00208760	0.720000
-0.00208720	0.720000
-0.00208680	0.680000
-0.00208640	0.640000
-0.00208600	0.600000
-0.00208560	0.600000
-0.00208520	0.560000
-0.00208480	0.560000
-0.00208440	0.480000
-0.00208400	0.480000
-0.00208360	0.440000
-0.00208320	0.400000
-0.00208280	0.400000
-0.00208240	0.360000
-0.00208200	0.360000
-0.00208160	0.320000
-0.00208120	0.280000
-0.00208080	0.240000
-0.00208040	0.200000
-0.00208000	0.200000
-0.00207960	0.160000
-0.00207920	0.120000
-0.00207880	0.040000
-0.00207840	0.040000
-0.00207800	-0.040000
-0.00207760	-0.040000
-0.00207720	-0.080000
-0.00207680	-0.120000
-0.00207640	-0.120000
-0.00207600	-0.160000
-0.00207560	-0.200000
-0.00207520	-0.240000
-0.00207480	-0.280000
-0.00207440	-0.280000
-0.00207400	-0.360000
-0.00207360	-0.400000
-0.00207320	-0.440000
-0.00207280	-0.440000
-0.00207240	-0.480000
-0.00207200	-0.520000
-0.00207160	-0.520000
-0.00207120	-0.560000
-0.00207080	-0.560000
-0.00207040	-0.600000
-0.00207000	-0.680000
-0.00206960	-0.760000
-0.00206920	-0.720000
-0.00206880	-0.760000
-0.00206840	-0.800000
-0.00206800	-0.840000
-0.00206760	-0.840000
-0.00206720	-0.840000
-0.00206680	-0.920000
-0.00206640	-0.920000
-0.00206600	-0.960000
-0.00206560	-1.000000
-0.00206520	-1.040000
-0.00206480	-1.080000
-0.00206440	-1.080000
-0.00206400	-1.080000
-0.00206360	-1.120000
-0.00206320	-1.160000
-0.00206280	-1.160000
-0.00206240	-1.240000
-0.00206200	-1.240000
-0.00206160	-1.280000
-0.00206120	-1.320000
-0.00206080	-1.320000
-0.00206040	-1.320000
-0.00206000	-1.400000
-0.00205960	-1.400000
-0.00205920	-1.400000
-0.00205880	-1.400000
-0.00205840	-1.440000
-0.00205800	-1.440000
-0.00205760	-1.480000
-0.00205720	-1.480000
-0.00205680	-1.560000
-0.00205640	-1.560000
-0.00205600	-1.560000
-0.00205560	-1.560000
-0.00205520	-1.640000
-0.00205480	-1.640000
-0.00205440	-1.640000
-0.00205400	-1.640000
-0.00205360	-1.680000
-0.00205320	-1.720000
-0.00205280	-1.720000
-0.00205240	-1.720000
-0.00205200	-1.720000
-0.00205160	-1.760000
-0.00205120	-1.720000
-0.00205080	-1.760000
-0.00205040	-1.800000
-0.00205000	-1.800000
-0.00204960	-1.800000
-0.00204920	-1.800000
-0.00204880	-1.840000
-0.00204840	-1.880000
-0.00204800	-1.840000
-0.00204760	-1.880000
-0.00204720	-1.880000
-0.00204680	-1.880000
-0.00204640	-1.880000
-0.00204600	-1.880000
-0.00204560	-1.880000
-0.00204520	-1.880000
-0.00204480	-1.880000
-0.00204440	-1.920000
-0.00204400	-1.920000
-0.00204360	-1.880000
-0.00204320	-1.920000
-0.00204280	-1.880000
-0.00204240	-1.880000
-0.00204200	-1.880000
-0.00204160	-1.920000
-0.00204120	-1.880000
-0.00204080	-1.920000
-0.00204040	-1.880000
-0.00204000	-1.880000
-0.00203960	-1.880000
-0.00203920	-1.880000
-0.00203880	-1.880000
-0.00203840	-1.920000
-0.00203800	-1.880000
-0.00203760	-1.880000
-0.00203720	-1.880000
-0.00203680	-1.880000
-0.00203640	-1.840000
-0.00203600	-1.880000
-0.00203560	-1.800000
-0.00203520	-1.840000
-0.00203480	-1.800000
-0.00203440	-1.800000
-0.00203400	-1.800000
-0.00203360	-1.760000
-0.00203320	-1.760000
-0.00203280	-1.720000
-0.00203240	-1.720000
-0.00203200	-1.720000
-0.00203160	-1.720000
-0.00203120	-1.720000
-0.00203080	-1.680000
-0.00203040	-1.640000
-0.00203000	-1.640000
-0.00202960	-1.640000
-0.00202920	-1.600000
-0.00202880	-1.560000
-0.00202840	-1.560000
-0.00202800	-1.560000
-0.00202760	-1.560000
-0.00202720	-1.480000
-0.00202680	-1.480000
-0.00202640	-1.440000
-0.00202600	-1.440000
-0.00202560	-1.400000
-0.00202520	-1.400000
-0.00202480	-1.400000
-0.00202440	-1.400000
-0.00202400	-1.320000
-0.00202360	-1.280000
-0.00202320	-1.280000
-0.00202280	-1.280000
-0.00202240	-1.240000
-0.00202200	-1.200000
-0.00202160	-1.160000
-0.00202120	-1.160000
-0.00202080	-1.120000
-0.00202040	-1.080000
-0.00202000	-1.080000
-0.00201960	-1.080000
-0.00201920	-1.000000
-0.00201880	-0.960000
-0.00201840	-0.960000
-0.00201800	-0.920000
-0.00201760	-0.920000
-0.00201720	-0.840000
-0.00201680	-0.840000
-0.00201640	-0.840000
-0.00201600	-0.760000
-0.00201560	-0.760000
-0.00201520	-0.720000
-0.00201480	-0.680000
-0.00201440	-0.680000
-0.00201400	-0.600000
-0.00201360	-0.600000
-0.00201320	-0.560000
-0.00201280	-0.520000
-0.00201240	-0.480000
-0.00201200	-0.440000
-0.00201160	-0.440000
-0.00201120	-0.440000
-0.00201080	-0.400000
-0.00201040	-0.320000
-0.00201000	-0.280000
-0.00200960	-0.280000
-0.00200920	-0.240000
-0.00200880	-0.200000
-0.00200840	-0.160000
-0.00200800	-0.120000
-0.00200760	-0.120000
-0.00200720	-0.080000
-0.00200680	-0.040000
-0.00200640	-0.040000
-0.00200600	0.040000
-0.00200560	0.040000
-0.00200520	0.120000
-0.00200480	0.120000
-0.00200440	0.120000
-0.00200400	0.200000
-0.00200360	0.240000
-0.00200320	0.240000
-0.00200280	0.280000
-0.00200240	0.320000
-0.00200200	0.360000
-0.00200160	0.360000
-0.00200120	0.400000
-0.00200080	0.400000
-0.00200040	0.440000
-0.00200000	0.480000
-0.00199960	0.480000
-0.00199920	0.520000
-0.00199880	0.560000
-0.00199840	0.640000
-0.00199800	0.640000
-0.00199760	0.640000
-0.00199720	0.720000
-0.00199680	0.720000
-0.00199640	0.720000
-0.00199600	0.800000
-0.00199560	0.800000
-0.00199520	0.840000
-0.00199480	0.880000
-0.00199440	0.920000
-0.00199400	0.920000
-0.00199360	0.960000
-0.00199320	0.960000
-0.00199280	1.040000
-0.00199240	1.040000
-0.00199200	1.080000
-0.00199160	1.120000
-0.00199120	1.120000
-0.00199080	1.160000
-0.00199040	1.160000
-0.00199000	1.200000
-0.00198960	1.240000
-0.00198920	1.240000
-0.00198880	1.280000
-0.00198840	1.280000
-0.00198800	1.280000
-0.00198760	1.320000
-0.00198720	1.360000
-0.00198680	1.360000
-0.00198640	1.400000
-0.00198600	1.440000
-0.00198560	1.440000
-0.00198520	1.440000
-0.00198480	1.480000
-0.00198440	1.520000
-0.00198400	1.520000
-0.00198360	1.560000
-0.00198320	1.520000
-0.00198280	1.560000
-0.00198240	1.600000
-0.00198200	1.600000
-0.00198160	1.600000
-0.00198120	1.600000
-0.00198080	1.640000
-0.00198040	1.680000
-0.00198000	1.680000
-0.00197960	1.680000
-0.00197920	1.720000
-0.00197880	1.680000
-0.00197840	1.720000
-0.00197800	1.760000
-0.00197760	1.760000
-0.00197720	1.760000
-0.00197680	1.760000
-0.00197640	1.760000
-0.00197600	1.760000
-0.00197560	1.760000
-0.00197520	1.800000
-0.00197480	1.800000
-0.00197440	1.840000
-0.00197400	1.840000
-0.00197360	1.840000
-0.00197320	1.840000
-0.00197280	1.840000
-0.00197240	1.840000
-0.00197200	1.840000
-0.00197160	1.840000
-0.00197120	1.840000
-0.00197080	1.840000
-0.00197040	1.840000
-0.00197000	1.840000
-0.00196960	1.800000
-0.00196920	1.840000
-0.00196880	1.840000
-0.00196840	1.840000
-0.00196800	1.840000
-0.00196760	1.840000
-0.00196720	1.840000
-0.00196680	1.800000
-0.00196640	1.800000
-0.00196600	1.800000
-0.00196560	1.760000
-0.00196520	1.760000
-0.00196480	1.760000
-0.00196440	1.800000
-0.00196400	1.760000
-0.00196360	1.760000
-0.00196320	1.760000
-0.00196280	1.720000
-0.00196240	1.760000
-0.00196200	1.680000
-0.00196160	1.720000
-0.00196120	1.680000
-0.00196080	1.680000
-0.00196040	1.680000
-0.00196000	1.680000
-0.00195960	1.600000
-0.00195920	1.600000
-0.00195880	1.600000
-0.00195840	1.560000
-0.00195800	1.560000
-0.00195760	1.520000
-0.00195720	1.520000
-0.00195680	1.520000
-0.00195640	1.520000
-0.00195600	1.480000
-0.00195560	1.480000
-0.00195520	1.440000
-0.00195480	1.400000
-0.00195440	1.400000
-0.00195400	1.360000
-0.00195360	1.320000
-0.00195320	1.320000
-0.00195280	1.280000
-0.00195240	1.280000
-0.00195200	1.280000
-0.00195160	1.200000
-0.00195120	1.200000
-0.00195080	1.200000
-0.00195040	1.200000
-0.00195000	1.120000
-0.00194960	1.120000
-0.00194920	1.120000
-0.00194880	1.080000
-0.00194840	1.040000
-0.00194800	1.040000
-0.00194760	0.960000
-0.00194720	0.960000
-0.00194680	0.920000
-0.00194640	0.920000
-0.00194600	0.880000
-0.00194560	0.880000
-0.00194520	0.800000
-0.00194480	0.800000
-0.00194440	0.760000
-0.00194400	0.760000
-0.00194360	0.720000
-0.00194320	0.680000
-0.00194280	0.640000
-0.00194240	0.600000
-0.00194200	0.560000
-0.00194160	0.520000
-0.00194120	0.480000
-0.00194080	0.480000
-0.00194040	0.440000
-0.00194000	0.400000
-0.00193960	0.400000
-0.00193920	0.360000
-0.00193880	0.360000
-0.00193840	0.320000
-0.00193800	0.320000
-0.00193760	0.280000
-0.00193720	0.200000
-0.00193680	0.200000
-0.00193640	0.160000
-0.00193600	0.120000
-0.00193560	0.160000
-0.00193520	0.080000
-0.00193480	0.040000
-0.00193440	0.000000
-0.00193400	-0.040000
-0.00193360	-0.080000
-0.00193320	-0.120000
-0.00193280	-0.120000
-0.00193240	-0.160000
-0.00193200	-0.200000
-0.00193160	-0.240000
-0.00193120	-0.240000
-0.00193080	-0.280000
-0.00193040	-0.280000
-0.00193000	-0.320000
-0.00192960	-0.400000
-0.00192920	-0.440000
-0.00192880	-0.440000
-0.00192840	-0.440000
-0.00192800	-0.520000
-0.00192760	-0.520000
-0.00192720	-0.560000
-0.00192680	-0.600000
-0.00192640	-0.600000
-0.00192600	-0.640000
-0.00192560	-0.680000
-0.00192520	-0.680000
-0.00192480	-0.760000
-0.00192440	-0.760000
-0.00192400	-0.800000
-0.00192360	-0.840000
-0.00192320	-0.840000
-0.00192280	-0.880000
-0.00192240	-0.920000
-0.00192200	-0.920000
-0.00192160	-0.920000
-0.00192120	-1.040000
-0.00192080	-1.040000
-0.00192040	-1.040000
-0.00192000	-1.080000
-0.00191960	-1.080000
-0.00191920	-1.120000
-0.00191880	-1.160000
-0.00191840	-1.160000
-0.00191800	-1.200000
-0.00191760	-1.240000
-0.00191720	-1.280000
-0.00191680	-1.240000
-0.00191640	-1.280000
-0.00191600	-1.320000
-0.00191560	-1.360000
-0.00191520	-1.360000
-0.00191480	-1.400000
-0.00191440	-1.400000
-0.00191400	-1.400000
-0.00191360	-1.440000
-0.00191320	-1.440000
-0.00191280	-1.480000
-0.00191240	-1.480000
-0.00191200	-1.520000
-0.00191160	-1.520000
-0.00191120	-1.520000
-0.00191080	-1.560000
-0.00191040	-1.560000
-0.00191000	-1.560000
-0.00190960	-1.560000
-0.00190920	-1.600000
-0.00190880	-1.600000
-0.00190840	-1.640000
-0.00190800	-1.640000
-0.00190760	-1.640000
-0.00190720	-1.720000
-0.00190680	-1.640000
-0.00190640	-1.720000
-0.00190600	-1.720000
-0.00190560	-1.720000
-0.00190520	-1.720000
-0.00190480	-1.720000
-0.00190440	-1.720000
-0.00190400	-1.760000
-0.00190360	-1.760000
-0.00190320	-1.800000
-0.00190280	-1.760000
-0.00190240	-1.760000
-0.00190200	-1.760000
-0.00190160	-1.800000
-0.00190120	-1.800000
-0.00190080	-1.800000
-0.00190040	-1.800000
-0.00190000	-1.800000
-0.00189960	-1.800000
-0.00189920	-1.760000
-0.00189880	-1.800000
-0.00189840	-1.800000
-0.00189800	-1.800000
-0.00189760	-1.800000
-0.00189720	-1.760000
-0.00189680	-1.760000
-0.00189640	-1.760000
-0.00189600	-1.760000
-0.00189560	-1.760000
-0.00189520	-1.800000
-0.00189480	-1.760000
-0.00189440	-1.760000
-0.00189400	-1.760000
-0.00189360	-1.720000
-0.00189320	-1.720000
-0.00189280	-1.720000
-0.00189240	-1.720000
-0.00189200	-1.720000
-0.00189160	-1.680000
-0.00189120	-1.680000
-0.00189080	-1.680000
-0.00189040	-1.640000
-0.00189000	-1.640000
-0.00188960	-1.640000
-0.00188920	-1.600000
-0.00188880	-1.600000
-0.00188840	-1.600000
-0.00188800	-1.560000
-0.00188760	-1.560000
-0.00188720	-1.560000
-0.00188680	-1.560000
-0.00188640	-1.520000
-0.00188600	-1.480000
-0.00188560	-1.480000
-0.00188520	-1.480000
-0.00188480	-1.440000
-0.00188440	-1.440000
-0.00188400	-1.400000
-0.00188360	-1.400000
-0.00188320	-1.400000
-0.00188280	-1.320000
-0.00188240	-1.320000
-0.00188200	-1.280000
-0.00188160	-1.280000
-0.00188120	-1.240000
-0.00188080	-1.240000
-0.00188040	-1.240000
-0.00188000	-1.240000
-0.00187960	-1.160000
-0.00187920	-1.160000
-0.00187880	-1.120000
-0.00187840	-1.120000
-0.00187800	-1.080000
-0.00187760	-1.080000
-0.00187720	-1.000000
-0.00187680	-1.000000
-0.00187640	-0.960000
-0.00187600	-0.920000
-0.00187560	-0.920000
-0.00187520	-0.920000
-0.00187480	-0.840000
-0.00187440	-0.840000
-0.00187400	-0.800000
-0.00187360	-0.800000
-0.00187320	-0.760000
-0.00187280	-0.760000
-0.00187240	-0.680000
-0.00187200	-0.680000
-0.00187160	-0.640000
-0.00187120	-0.600000
-0.00187080	-0.600000
-0.00187040	-0.520000
-0.00187000	-0.520000
-0.00186960	-0.480000
-0.00186920	-0.440000
-0.00186880	-0.440000
-0.00186840	-0.400000
-0.00186800	-0.400000
-0.00186760	-0.320000
-0.00186720	-0.280000
-0.00186680	-0.280000
-0.00186640	-0.240000
-0.00186600	-0.200000
-0.00186560	-0.200000
-0.00186520	-0.120000
-0.00186480	-0.120000
-0.00186440	-0.120000
-0.00186400	0.000000
-0.00186360	-0.080000
-0.00186320	0.000000
-0.00186280	0.040000
-0.00186240	0.040000
-0.00186200	0.080000
-0.00186160	0.120000
-0.00186120	0.200000
-0.00186080	0.200000
-0.00186040	0.200000
-0.00186000	0.280000
-0.00185960	0.320000
-0.00185920	0.320000
-0.00185880	0.360000
-0.00185840	0.360000
-0.00185800	0.400000
-0.00185760	0.400000
-0.00185720	0.440000
-0.00185680	0.480000
-0.00185640	0.480000
-0.00185600	0.520000
-0.00185560	0.560000
-0.00185520	0.560000
-0.00185480	0.600000
-0.00185440	0.640000
-0.00185400	0.680000
-0.00185360	0.680000
-0.00185320	0.720000
-0.00185280	0.760000
-0.00185240	0.800000
-0.00185200	0.800000
-0.00185160	0.880000
-0.00185120	0.880000
-0.00185080	0.920000
-0.00185040	0.960000
-0.00185000	0.960000
-0.00184960	0.960000
-0.00184920	1.040000
-0.00184880	1.040000
-0.00184840	1.040000
-0.00184800	1.080000
-0.00184760	1.120000
-0.00184720	1.120000
-0.00184680	1.120000
-0.00184640	1.120000
-0.00184600	1.200000
-0.00184560	1.240000
-0.00184520	1.240000
-0.00184480	1.280000
-0.00184440	1.280000
-0.00184400	1.280000
-0.00184360	1.280000
-0.00184320	1.360000
-0.00184280	1.360000
-0.00184240	1.360000
-0.00184200	1.440000
-0.00184160	1.440000
-0.00184120	1.440000
-0.00184080	1.440000
-0.00184040	1.480000
-0.00184000	1.480000
-0.00183960	1.480000
-0.00183920	1.520000
-0.00183880	1.520000
-0.00183840	1.520000
-0.00183800	1.600000
-0.00183760	1.560000
-0.00183720	1.560000
-0.00183680	1.600000
-0.00183640	1.600000
-0.00183600	1.600000
-0.00183560	1.600000
-0.00183520	1.680000
-0.00183480	1.640000
-0.00183440	1.680000
-0.00183400	1.680000
-0.00183360	1.720000
-0.00183320	1.680000
-0.00183280	1.680000
-0.00183240	1.720000
-0.00183200	1.760000
-0.00183160	1.720000
-0.00183120	1.680000
-0.00183080	1.720000
-0.00183040	1.720000
-0.00183000	1.680000
-0.00182960	1.720000
-0.00182920	1.720000
-0.00182880	1.720000
-0.00182840	1.760000
-0.00182800	1.760000
-0.00182760	1.760000
-0.00182720	1.760000
-0.00182680	1.720000
-0.00182640	1.760000
-0.00182600	1.760000
-0.00182560	1.760000
-0.00182520	1.760000
-0.00182480	1.720000
-0.00182440	1.720000
-0.00182400	1.720000
-0.00182360	1.720000
-0.00182320	1.680000
-0.00182280	1.720000
-0.00182240	1.680000
-0.00182200	1.640000
-0.00182160	1.680000
-0.00182120	1.680000
-0.00182080	1.640000
-0.00182040	1.680000
-0.00182000	1.640000
-0.00181960	1.600000
-0.00181920	1.600000
-0.00181880	1.600000
-0.00181840	1.600000
-0.00181800	1.600000
-0.00181760	1.560000
-0.00181720	1.560000
-0.00181680	1.560000
-0.00181640	1.520000
-0.00181600	1.520000
-0.00181560	1.520000
-0.00181520	1.480000
-0.00181480	1.440000
-0.00181440	1.440000
-0.00181400	1.440000
-0.00181360	1.440000
-0.00181320	1.360000
-0.00181280	1.400000
-0.00181240	1.360000
-0.00181200	1.360000
-0.00181160	1.320000
-0.00181120	1.280000
-0.00181080	1.280000
-0.00181040	1.280000
-0.00181000	1.240000
-0.00180960	1.200000
-0.00180920	1.200000
-0.00180880	1.160000
-0.00180840	1.120000
-0.00180800	1.080000
-0.00180760	1.080000
-0.00180720	1.080000
-0.00180680	1.040000
-0.00180640	1.040000
-0.00180600	0.960000
-0.00180560	0.960000
-0.00180520	0.960000
-0.00180480	0.920000
-0.00180440	0.880000
-0.00180400	0.880000
-0.00180360	0.840000
-0.00180320	0.800000
-0.00180280	0.760000
-0.00180240	0.760000
-0.00180200	0.720000
-0.00180160	0.680000
-0.00180120	0.680000
-0.00180080	0.640000
-0.00180040	0.600000
-0.00180000	0.560000
-0.00179960	0.560000
-0.00179920	0.520000
-0.00179880	0.480000
-0.00179840	0.480000
-0.00179800	0.400000
-0.00179760	0.400000
-0.00179720	0.400000
-0.00179680	0.360000
-0.00179640	0.360000
-0.00179600	0.360000
-0.00179560	0.360000
-0.00179520	0.280000
-0.00179480	0.200000
-0.00179440	0.200000
-0.00179400	0.160000
-0.00179360	0.120000
-0.00179320	0.080000
-0.00179280	0.040000
-0.00179240	0.040000
-0.00179200	0.000000
-0.00179160	0.000000
-0.00179120	-0.080000
-0.00179080	-0.120000
-0.00179040	-0.120000
-0.00179000	-0.120000
-0.00178960	-0.160000
-0.00178920	-0.200000
-0.00178880	-0.280000
-0.00178840	-0.280000
-0.00178800	-0.280000
-0.00178760	-0.320000
-0.00178720	-0.360000
-0.00178680	-0.400000
-0.00178640	-0.400000
-0.00178600	-0.440000
-0.00178560	-0.480000
-0.00178520	-0.520000
-0.00178480	-0.520000
-0.00178440	-0.560000
-0.00178400	-0.600000
-0.00178360	-0.600000
-0.00178320	-0.640000
-0.00178280	-0.680000
-0.00178240	-0.680000
-0.00178200	-0.720000
-0.00178160	-0.760000
-0.00178120	-0.800000
-0.00178080	-0.840000
-0.00178040	-0.840000
-0.00178000	-0.880000
-0.00177960	-0.920000
-0.00177920	-0.920000
-0.00177880	-0.920000
-0.00177840	-0.960000
-0.00177800	-1.000000
-0.00177760	-1.000000
-0.00177720	-1.080000
-0.00177680	-1.080000
-0.00177640	-1.120000
-0.00177600	-1.080000
-0.00177560	-1.160000
-0.00177520	-1.160000
-0.00177480	-1.160000
-0.00177440	-1.200000
-0.00177400	-1.240000
-0.00177360	-1.240000
-0.00177320	-1.280000
-0.00177280	-1.280000
-0.00177240	-1.320000
-0.00177200	-1.320000
-0.00177160	-1.400000
-0.00177120	-1.400000
-0.00177080	-1.400000
-0.00177040	-1.400000
-0.00177000	-1.400000
-0.00176960	-1.440000
-0.00176920	-1.440000
-0.00176880	-1.480000
-0.00176840	-1.480000
-0.00176800	-1.520000
-0.00176760	-1.520000
-0.00176720	-1.560000
-0.00176680	-1.520000
-0.00176640	-1.560000
-0.00176600	-1.560000
-0.00176560	-1.600000
-0.00176520	-1.560000
-0.00176480	-1.600000
-0.00176440	-1.600000
-0.00176400	-1.640000
-0.00176360	-1.640000
-0.00176320	-1.640000
-0.00176280	-1.600000
-0.00176240	-1.640000
-0.00176200	-1.680000
-0.00176160	-1.680000
-0.00176120	-1.720000
-0.00176080	-1.720000
-0.00176040	-1.720000
-0.00176000	-1.720000
-0.00175960	-1.680000
-0.00175920	-1.720000
-0.00175880	-1.720000
-0.00175840	-1.720000
-0.00175800	-1.720000
-0.00175760	-1.720000
-0.00175720	-1.720000
-0.00175680	-1.720000
-0.00175640	-1.720000
-0.00175600	-1.720000
-0.00175560	-1.720000
-0.00175520	-1.720000
-0.00175480	-1.720000
-0.00175440	-1.720000
-0.00175400	-1.720000
-0.00175360	-1.720000
-0.00175320	-1.720000
-0.00175280	-1.720000
-0.00175240	-1.720000
-0.00175200	-1.720000
-0.00175160	-1.680000
-0.00175120	-1.720000
-0.00175080	-1.680000
-0.00175040	-1.680000
-0.00175000	-1.640000
-0.00174960	-1.640000
-0.00174920	-1.640000
-0.00174880	-1.640000
-0.00174840	-1.640000
-0.00174800	-1.600000
-0.00174760	-1.560000
-0.00174720	-1.600000
-0.00174680	-1.560000
-0.00174640	-1.560000
-0.00174600	-1.560000
-0.00174560	-1.520000
-0.00174520	-1.560000
-0.00174480	-1.480000
-0.00174440	-1.480000
-0.00174400	-1.440000
-0.00174360	-1.440000
-0.00174320	-1.440000
-0.00174280	-1.440000
-0.00174240	-1.400000
-0.00174200	-1.400000
-0.00174160	-1.360000
-0.00174120	-1.320000
-0.00174080	-1.320000
-0.00174040	-1.320000
-0.00174000	-1.320000
-0.00173960	-1.280000
-0.00173920	-1.240000
-0.00173880	-1.240000
-0.00173840	-1.200000
-0.00173800	-1.160000
-0.00173760	-1.160000
-0.00173720	-1.120000
-0.00173680	-1.080000
-0.00173640	-1.080000
-0.00173600	-1.080000
-0.00173560	-1.040000
-0.00173520	-1.000000
-0.00173480	-1.000000
-0.00173440	-1.000000
-0.00173400	-0.920000
-0.00173360	-0.920000
-0.00173320	-0.880000
-0.00173280	-0.840000
-0.00173240	-0.840000
-0.00173200	-0.800000
-0.00173160	-0.760000
-0.00173120	-0.760000
-0.00173080	-0.760000
-0.00173040	-0.680000
-0.00173000	-0.680000
-0.00172960	-0.680000
-0.00172920	-0.600000
-0.00172880	-0.560000
-0.00172840	-0.600000
-0.00172800	-0.520000
-0.00172760	-0.520000
-0.00172720	-0.480000
-0.00172680	-0.440000
-0.00172640	-0.400000
-0.00172600	-0.360000
-0.00172560	-0.320000
-0.00172520	-0.320000
-0.00172480	-0.280000
-0.00172440	-0.280000
-0.00172400	-0.280000
-0.00172360	-0.200000
-0.00172320	-0.200000
-0.00172280	-0.160000
-0.00172240	-0.120000
-0.00172200	-0.120000
-0.00172160	-0.040000
-0.00172120	-0.040000
-0.00172080	0.000000
-0.00172040	0.040000
-0.00172000	0.040000
-0.00171960	0.120000
-0.00171920	0.120000
-0.00171880	0.160000
-0.00171840	0.200000
-0.00171800	0.240000
-0.00171760	0.240000
-0.00171720	0.280000
-0.00171680	0.360000
-0.00171640	0.320000
-0.00171600	0.360000
-0.00171560	0.360000
-0.00171520	0.400000
-0.00171480	0.400000
-0.00171440	0.440000
-0.00171400	0.480000
-0.00171360	0.480000
-0.00171320	0.560000
-0.00171280	0.600000
-0.00171240	0.600000
-0.00171200	0.640000
-0.00171160	0.640000
-0.00171120	0.680000
-0.00171080	0.720000
-0.00171040	0.720000
-0.00171000	0.760000
-0.00170960	0.800000
-0.00170920	0.800000
-0.00170880	0.840000
-0.00170840	0.880000
-0.00170800	0.920000
-0.00170760	0.920000
-0.00170720	0.960000
-0.00170680	0.960000
-0.00170640	0.960000