
-0.01374400	4.96000000
-0.01374300	4.96000000
-0.01374200	5.04000000
-0.01374100	5.04000000
-0.01374000	4.96000000
-0.01373900	4.96000000
-0.01373800	5.04000000
-0.01373700	5.04000000
-0.01373600	4.96000000
-0.01373500	4.96000000
-0.01373400	5.04000000
-0.01373300	5.04000000
-0.01373200	4.96000000
-0.01373100	4.96000000
-0.01373000	5.04000000
-0.01372900	5.04000000
-0.01372800	4.96000000
-0.01372700	4.96000000
-0.01372600	5.04000000
-0.01372500	5.04000000
-0.01372400	4.96000000
-0.01372300	4.96000000
-0.01372200	5.04000000
-0.01372100	5.04000000
-0.01372000	4.96000000
-0.01371900	4.96000000
-0.01371800	5.04000000
-0.01371700	5.04000000
-0.01371600	4.96000000
-0.01371500	4.96000000
-0.01371400	5.04000000
-0.01371300	5.04000000
-0.01371200	4.96000000
-0.01371100	4.96000000
-0.01371000	5.04000000
-0.01370900	5.04000000
-0.01370800	4.96000000
-0.01370700	4.96000000
-0.01370600	5.04000000
-0.01370500	5.04000000
-0.01370400	4.80000000
-0.01370300	4.96000000
-0.01370200	4.88000000
-0.01370100	4.80000000
-0.01370000	4.80000000
-0.01369900	4.80000000
-0.01369800	4.56000000
-0.01369700	4.56000000
-0.01369600	4.40000000
-0.01369500	4.40000000
-0.01369400	4.40000000
-0.01369300	4.24000000
-0.01369200	4.16000000
-0.01369100	4.00000000
-0.01369000	3.92000000
-0.01368900	3.84000000
-0.01368800	3.68000000
-0.01368700	3.52000000
-0.01368600	3.44000000
-0.01368500	3.28000000
-0.01368400	3.12000000
-0.01368300	2.96000000
-0.01368200	2.88000000
-0.01368100	2.72000000
-0.01368000	2.48000000
-0.01367900	2.40000000
-0.01367800	2.16000000
-0.01367700	2.08000000
-0.01367600	1.84000000
-0.01367500	1.60000000
-0.01367400	1.44000000
-0.01367300	1.28000000
-0.01367200	1.12000000
-0.01367100	0.88000000
-0.01367000	0.80000000
-0.01366900	0.56000000
-0.01366800	0.24000000
-0.01366700	0.16000000
-0.01366600	-0.08000000
-0.01366500	-0.24000000
-0.01366400	-0.40000000
-0.01366300	-0.72000000
-0.01366200	-0.88000000
-0.01366100	-1.04000000
-0.01366000	-1.36000000
-0.01365900	-1.36000000
-0.01365800	-1.68000000
-0.01365700	-1.92000000
-0.01365600	-2.16000000
-0.01365500	-2.40000000
-0.01365400	-2.48000000
-0.01365300	-2.64000000
-0.01365200	-2.88000000
-0.01365100	-3.04000000
-0.01365000	-3.20000000
-0.01364900	-3.36000000
-0.01364800	-3.44000000
-0.01364700	-3.68000000
-0.01364600	-3.84000000
-0.01364500	-4.00000000
-0.01364400	-4.16000000
-0.01364300	-4.32000000
-0.01364200	-4.40000000
-0.01364100	-4.64000000
-0.01364000	-4.72000000
-0.01363900	-4.88000000
-0.01363800	-4.96000000
-0.01363700	-5.04000000
-0.01363600	-5.12000000
-0.01363500	-5.28000000
-0.01363400	-5.28000000
-0.01363300	-5.44000000
-0.01363200	-5.44000000
-0.01363100	-5.60000000
-0.01363000	-5.60000000
-0.01362900	-5.76000000
-0.01362800	-5.76000000
-0.01362700	-5.76000000
-0.01362600	-5.92000000
-0.01362500	-5.92000000
-0.01362400	-5.92000000
-0.01362300	-5.92000000
-0.01362200	-5.92000000
-0.01362100	-5.92000000
-0.01362000	-5.92000000
-0.01361900	-5.92000000
-0.01361800	-5.84000000
-0.01361700	-5.76000000
-0.01361600	-5.76000000
-0.01361500	-5.68000000
-0.01361400	-5.68000000
-0.01361300	-5.60000000
-0.01361200	-5.60000000
-0.01361100	-5.44000000
-0.01361000	-5.36000000
-0.01360900	-5.28000000
-0.01360800	-5.28000000
-0.01360700	-5.12000000
-0.01360600	-4.96000000
-0.01360500	-4.96000000
-0.01360400	-4.80000000
-0.01360300	-4.64000000
-0.01360200	-4.56000000
-0.01360100	-4.40000000
-0.01360000	-4.32000000
-0.01359900	-4.08000000
-0.01359800	-4.00000000
-0.01359700	-3.84000000
-0.01359600	-3.68000000
-0.01359500	-3.52000000
-0.01359400	-3.36000000
-0.01359300	-3.20000000
-0.01359200	-3.04000000
-0.01359100	-2.80000000
-0.01359000	-2.64000000
-0.01358900	-2.48000000
-0.01358800	-2.24000000
-0.01358700	-2.08000000
-0.01358600	-1.84000000
-0.01358500	-1.68000000
-0.01358400	-1.52000000
-0.01358300	-1.28000000
-0.01358200	-1.04000000
-0.01358100	-0.88000000
-0.01358000	-0.72000000
-0.01357900	-0.40000000
-0.01357800	-0.24000000
-0.01357700	-0.08000000
-0.01357600	0.16000000
-0.01357500	0.32000000
-0.01357400	0.56000000
-0.01357300	0.72000000
-0.01357200	0.88000000
-0.01357100	1.04000000
-0.01357000	1.20000000
-0.01356900	1.44000000
-0.01356800	1.60000000
-0.01356700	1.84000000
-0.01356600	1.92000000
-0.01356500	2.16000000
-0.01356400	2.32000000
-0.01356300	2.48000000
-0.01356200	2.64000000
-0.01356100	2.72000000
-0.01356000	2.88000000
-0.01355900	3.04000000
-0.01355800	3.12000000
-0.01355700	3.36000000
-0.01355600	3.44000000
-0.01355500	3.60000000
-0.01355400	3.68000000
-0.01355300	3.76000000
-0.01355200	3.92000000
-0.01355100	4.00000000
-0.01355000	4.08000000
-0.01354900	4.16000000
-0.01354800	4.24000000
-0.01354700	4.40000000
-0.01354600	4.40000000
-0.01354500	4.48000000
-0.01354400	4.56000000
-0.01354300	4.72000000
-0.01354200	4.80000000
-0.01354100	4.72000000
-0.01354000	4.80000000
-0.01353900	4.88000000
-0.01353800	4.96000000
-0.01353700	4.88000000
-0.01353600	4.88000000
-0.01353500	4.88000000
-0.01353400	4.88000000
-0.01353300	4.80000000
-0.01353200	4.80000000
-0.01353100	4.80000000
-0.01353000	4.80000000
-0.01352900	4.80000000
-0.01352800	4.80000000
-0.01352700	4.72000000
-0.01352600	4.56000000
-0.01352500	4.48000000
-0.01352400	4.40000000
-0.01352300	4.40000000
-0.01352200	4.32000000
-0.01352100	4.24000000
-0.01352000	4.16000000
-0.01351900	4.08000000
-0.01351800	4.00000000
-0.01351700	3.92000000
-0.01351600	3.92000000
-0.01351500	3.76000000
-0.01351400	3.68000000
-0.01351300	3.60000000
-0.01351200	3.44000000
-0.01351100	3.44000000
-0.01351000	3.28000000
-0.01350900	3.20000000
-0.01350800	3.04000000
-0.01350700	2.88000000
-0.01350600	2.80000000
-0.01350500	2.64000000
-0.01350400	2.56000000
-0.01350300	2.40000000
-0.01350200	2.32000000
-0.01350100	2.16000000
-0.01350000	2.08000000
-0.01349900	1.92000000
-0.01349800	1.84000000
-0.01349700	1.68000000
-0.01349600	1.60000000
-0.01349500	1.52000000
-0.01349400	1.36000000
-0.01349300	1.20000000
-0.01349200	1.04000000
-0.01349100	0.96000000
-0.01349000	0.80000000
-0.01348900	0.72000000
-0.01348800	0.56000000
-0.01348700	0.48000000
-0.01348600	0.40000000
-0.01348500	0.24000000
-0.01348400	0.24000000
-0.01348300	0.08000000
-0.01348200	-0.08000000
-0.01348100	-0.16000000
-0.01348000	-0.24000000
-0.01347900	-0.40000000
-0.01347800	-0.40000000
-0.01347700	-0.64000000
-0.01347600	-0.72000000
-0.01347500	-0.80000000
-0.01347400	-0.88000000
-0.01347300	-1.04000000
-0.01347200	-1.04000000
-0.01347100	-1.20000000
-0.01347000	-1.20000000
-0.01346900	-1.28000000
-0.01346800	-1.36000000
-0.01346700	-1.60000000
-0.01346600	-1.60000000
-0.01346500	-1.76000000
-0.01346400	-1.76000000
-0.01346300	-1.76000000
-0.01346200	-1.84000000
-0.01346100	-1.92000000
-0.01346000	-2.08000000
-0.01345900	-2.08000000
-0.01345800	-2.16000000
-0.01345700	-2.16000000
-0.01345600	-2.24000000
-0.01345500	-2.32000000
-0.01345400	-2.40000000
-0.01345300	-2.40000000
-0.01345200	-2.40000000
-0.01345100	-2.40000000
-0.01345000	-2.48000000
-0.01344900	-2.56000000
-0.01344800	-2.56000000
-0.01344700	-2.56000000
-0.01344600	-2.56000000
-0.01344500	-2.64000000
-0.01344400	-2.72000000
-0.01344300	-2.64000000
-0.01344200	-2.72000000
-0.01344100	-2.72000000
-0.01344000	-2.72000000
-0.01343900	-2.72000000
-0.01343800	-2.72000000
-0.01343700	-2.72000000
-0.01343600	-2.80000000
-0.01343500	-2.80000000
-0.01343400	-2.72000000
-0.01343300	-2.72000000
-0.01343200	-2.80000000
-0.01343100	-2.80000000
-0.01343000	-2.72000000
-0.01342900	-2.72000000
-0.01342800	-2.72000000
-0.01342700	-2.80000000
-0.01342600	-2.72000000
-0.01342500	-2.72000000
-0.01342400	-2.72000000
-0.01342300	-2.72000000
-0.01342200	-2.72000000
-0.01342100	-2.72000000
-0.01342000	-2.64000000
-0.01341900	-2.64000000
-0.01341800	-2.56000000
-0.01341700	-2.56000000
-0.01341600	-2.56000000
-0.01341500	-2.56000000
-0.01341400	-2.56000000
-0.01341300	-2.48000000
-0.01341200	-2.48000000
-0.01341100	-2.40000000
-0.01341000	-2.40000000
-0.01340900	-2.40000000
-0.01340800	-2.24000000
-0.01340700	-2.24000000
-0.01340600	-2.24000000
-0.01340500	-2.16000000
-0.01340400	-2.16000000
-0.01340300	-2.16000000
-0.01340200	-2.08000000
-0.01340100	-2.00000000
-0.01340000	-1.92000000
-0.01339900	-1.92000000
-0.01339800	-1.92000000
-0.01339700	-1.76000000
-0.01339600	-1.76000000
-0.01339500	-1.76000000
-0.01339400	-1.60000000
-0.01339300	-1.52000000
-0.01339200	-1.36000000
-0.01339100	-1.36000000
-0.01339000	-1.36000000
-0.01338900	-1.36000000
-0.01338800	-1.20000000
-0.01338700	-1.04000000
-0.01338600	-1.04000000
-0.01338500	-0.96000000
-0.01338400	-0.96000000
-0.01338300	-0.80000000
-0.01338200	-0.72000000
-0.01338100	-0.72000000
-0.01338000	-0.56000000
-0.01337900	-0.48000000
-0.01337800	-0.40000000
-0.01337700	-0.40000000
-0.01337600	-0.32000000
-0.01337500	-0.16000000
-0.01337400	-0.08000000
-0.01337300	-0.08000000
-0.01337200	0.08000000
-0.01337100	0.16000000
-0.01337000	0.16000000
-0.01336900	0.24000000
-0.01336800	0.40000000
-0.01336700	0.48000000
-0.01336600	0.56000000
-0.01336500	0.56000000
-0.01336400	0.72000000
-0.01336300	0.80000000
-0.01336200	0.88000000
-0.01336100	0.96000000
-0.01336000	1.04000000
-0.01335900	1.20000000
-0.01335800	1.28000000
-0.01335700	1.36000000
-0.01335600	1.36000000
-0.01335500	1.52000000
-0.01335400	1.60000000
-0.01335300	1.68000000
-0.01335200	1.76000000
-0.01335100	1.84000000
-0.01335000	1.84000000
-0.01334900	2.00000000
-0.01334800	2.08000000
-0.01334700	2.16000000
-0.01334600	2.16000000
-0.01334500	2.24000000
-0.01334400	2.40000000
-0.01334300	2.40000000
-0.01334200	2.48000000
-0.01334100	2.56000000
-0.01334000	2.64000000
-0.01333900	2.64000000
-0.01333800	2.80000000
-0.01333700	2.80000000
-0.01333600	2.88000000
-0.01333500	2.96000000
-0.01333400	2.96000000
-0.01333300	3.04000000
-0.01333200	3.12000000
-0.01333100	3.12000000
-0.01333000	3.12000000
-0.01332900	3.12000000
-0.01332800	3.20000000
-0.01332700	3.20000000
-0.01332600	3.28000000
-0.01332500	3.28000000
-0.01332400	3.36000000
-0.01332300	3.36000000
-0.01332200	3.36000000
-0.01332100	3.36000000
-0.01332000	3.44000000
-0.01331900	3.36000000
-0.01331800	3.36000000
-0.01331700	3.36000000
-0.01331600	3.36000000
-0.01331500	3.36000000
-0.01331400	3.36000000
-0.01331300	3.28000000
-0.01331200	3.28000000
-0.01331100	3.28000000
-0.01331000	3.12000000
-0.01330900	3.12000000
-0.01330800	3.12000000
-0.01330700	3.04000000
-0.01330600	3.04000000
-0.01330500	2.96000000
-0.01330400	2.88000000
-0.01330300	2.80000000
-0.01330200	2.80000000
-0.01330100	2.64000000
-0.01330000	2.64000000
-0.01329900	2.48000000
-0.01329800	2.40000000
-0.01329700	2.32000000
-0.01329600	2.16000000
-0.01329500	2.16000000
-0.01329400	2.08000000
-0.01329300	2.00000000
-0.01329200	1.84000000
-0.01329100	1.76000000
-0.01329000	1.68000000
-0.01328900	1.52000000
-0.01328800	1.44000000
-0.01328700	1.36000000
-0.01328600	1.20000000
-0.01328500	1.12000000
-0.01328400	0.88000000
-0.01328300	0.72000000
-0.01328200	0.72000000
-0.01328100	0.56000000
-0.01328000	0.32000000
-0.01327900	0.24000000
-0.01327800	0.16000000
-0.01327700	0.00000000
-0.01327600	-0.16000000
-0.01327500	-0.24000000
-0.01327400	-0.40000000
-0.01327300	-0.56000000
-0.01327200	-0.80000000
-0.01327100	-0.88000000
-0.01327000	-1.04000000
-0.01326900	-1.12000000
-0.01326800	-1.36000000
-0.01326700	-1.60000000
-0.01326600	-1.68000000
-0.01326500	-1.84000000
-0.01326400	-2.08000000
-0.01326300	-2.16000000
-0.01326200	-2.24000000
-0.01326100	-2.40000000
-0.01326000	-2.56000000
-0.01325900	-2.72000000
-0.01325800	-2.88000000
-0.01325700	-3.04000000
-0.01325600	-3.12000000
-0.01325500	-3.20000000
-0.01325400	-3.36000000
-0.01325300	-3.44000000
-0.01325200	-3.60000000
-0.01325100	-3.68000000
-0.01325000	-3.76000000
-0.01324900	-4.00000000
-0.01324800	-4.00000000
-0.01324700	-4.08000000
-0.01324600	-4.24000000
-0.01324500	-4.32000000
-0.01324400	-4.32000000
-0.01324300	-4.40000000
-0.01324200	-4.56000000
-0.01324100	-4.64000000
-0.01324000	-4.64000000
-0.01323900	-4.72000000
-0.01323800	-4.80000000
-0.01323700	-4.80000000
-0.01323600	-4.96000000
-0.01323500	-4.96000000
-0.01323400	-4.96000000
-0.01323300	-4.96000000
-0.01323200	-4.96000000
-0.01323100	-4.96000000
-0.01323000	-4.96000000
-0.01322900	-4.96000000
-0.01322800	-4.96000000
-0.01322700	-4.96000000
-0.01322600	-4.96000000
-0.01322500	-4.96000000
-0.01322400	-4.96000000
-0.01322300	-4.88000000
-0.01322200	-4.80000000
-0.01322100	-4.80000000
-0.01322000	-4.72000000
-0.01321900	-4.72000000
-0.01321800	-4.64000000
-0.01321700	-4.48000000
-0.01321600	-4.32000000
-0.01321500	-4.32000000
-0.01321400	-4.16000000
-0.01321300	-4.16000000
-0.01321200	-4.00000000
-0.01321100	-3.92000000
-0.01321000	-3.76000000
-0.01320900	-3.68000000
-0.01320800	-3.44000000
-0.01320700	-3.36000000
-0.01320600	-3.12000000
-0.01320500	-3.04000000
-0.01320400	-2.96000000
-0.01320300	-2.72000000
-0.01320200	-2.56000000
-0.01320100	-2.40000000
-0.01320000	-2.24000000
-0.01319900	-2.08000000
-0.01319800	-1.84000000
-0.01319700	-1.68000000
-0.01319600	-1.36000000
-0.01319500	-1.20000000
-0.01319400	-1.04000000
-0.01319300	-0.80000000
-0.01319200	-0.56000000
-0.01319100	-0.40000000
-0.01319000	-0.24000000
-0.01318900	-0.08000000
-0.01318800	0.16000000
-0.01318700	0.40000000
-0.01318600	0.56000000
-0.01318500	0.88000000
-0.01318400	1.04000000
-0.01318300	1.20000000
-0.01318200	1.36000000
-0.01318100	1.60000000
-0.01318000	1.84000000
-0.01317900	2.08000000
-0.01317800	2.24000000
-0.01317700	2.40000000
-0.01317600	2.64000000
-0.01317500	2.80000000
-0.01317400	3.04000000
-0.01317300	3.20000000
-0.01317200	3.44000000
-0.01317100	3.60000000
-0.01317000	3.76000000
-0.01316900	4.00000000
-0.01316800	4.08000000
-0.01316700	4.24000000
-0.01316600	4.40000000
-0.01316500	4.72000000
-0.01316400	4.80000000
-0.01316300	4.88000000
-0.01316200	5.12000000
-0.01316100	5.28000000
-0.01316000	5.36000000
-0.01315900	5.44000000
-0.01315800	5.52000000
-0.01315700	5.68000000
-0.01315600	5.76000000
-0.01315500	5.84000000
-0.01315400	5.92000000
-0.01315300	6.00000000
-0.01315200	6.08000000
-0.01315100	6.08000000
-0.01315000	6.24000000
-0.01314900	6.24000000
-0.01314800	6.32000000
-0.01314700	6.40000000
-0.01314600	6.40000000
-0.01314500	6.40000000
-0.01314400	6.40000000
-0.01314300	6.40000000
-0.01314200	6.40000000
-0.01314100	6.32000000
-0.01314000	6.32000000
-0.01313900	6.32000000
-0.01313800	6.24000000
-0.01313700	6.16000000
-0.01313600	6.08000000
-0.01313500	6.08000000
-0.01313400	6.00000000
-0.01313300	5.92000000
-0.01313200	5.76000000
-0.01313100	5.68000000
-0.01313000	5.60000000
-0.01312900	5.52000000
-0.01312800	5.36000000
-0.01312700	5.36000000
-0.01312600	5.12000000
-0.01312500	5.04000000
-0.01312400	4.88000000
-0.01312300	4.72000000
-0.01312200	4.40000000
-0.01312100	4.40000000
-0.01312000	4.24000000
-0.01311900	4.00000000
-0.01311800	3.84000000
-0.01311700	3.60000000
-0.01311600	3.52000000
-0.01311500	3.28000000
-0.01311400	3.04000000
-0.01311300	2.80000000
-0.01311200	2.72000000
-0.01311100	2.48000000
-0.01311000	2.32000000
-0.01310900	2.16000000
-0.01310800	1.92000000
-0.01310700	1.76000000
-0.01310600	1.52000000
-0.01310500	1.36000000
-0.01310400	1.20000000
-0.01310300	0.88000000
-0.01310200	0.72000000
-0.01310100	0.56000000
-0.01310000	0.24000000
-0.01309900	0.08000000
-0.01309800	-0.08000000
-0.01309700	-0.32000000
-0.01309600	-0.40000000
-0.01309500	-0.72000000
-0.01309400	-0.88000000
-0.01309300	-1.04000000
-0.01309200	-1.28000000
-0.01309100	-1.60000000
-0.01309000	-1.76000000
-0.01308900	-1.92000000
-0.01308800	-2.08000000
-0.01308700	-2.24000000
-0.01308600	-2.40000000
-0.01308500	-2.56000000
-0.01308400	-2.72000000
-0.01308300	-2.88000000
-0.01308200	-3.12000000
-0.01308100	-3.28000000
-0.01308000	-3.36000000
-0.01307900	-3.60000000
-0.01307800	-3.68000000
-0.01307700	-3.84000000
-0.01307600	-3.92000000
-0.01307500	-4.00000000
-0.01307400	-4.16000000
-0.01307300	-4.24000000
-0.01307200	-4.40000000
-0.01307100	-4.40000000
-0.01307000	-4.56000000
-0.01306900	-4.56000000
-0.01306800	-4.64000000
-0.01306700	-4.72000000
-0.01306600	-4.80000000
-0.01306500	-4.80000000
-0.01306400	-4.96000000
-0.01306300	-4.88000000
-0.01306200	-4.96000000
-0.01306100	-4.96000000
-0.01306000	-4.96000000
-0.01305900	-4.96000000
-0.01305800	-4.96000000
-0.01305700	-4.96000000
-0.01305600	-4.96000000
-0.01305500	-4.96000000
-0.01305400	-4.96000000
-0.01305300	-4.96000000
-0.01305200	-4.80000000
-0.01305100	-4.80000000
-0.01305000	-4.72000000
-0.01304900	-4.64000000
-0.01304800	-4.64000000
-0.01304700	-4.64000000
-0.01304600	-4.48000000
-0.01304500	-4.32000000
-0.01304400	-4.32000000
-0.01304300	-4.16000000
-0.01304200	-4.00000000
-0.01304100	-4.00000000
-0.01304000	-3.84000000
-0.01303900	-3.68000000
-0.01303800	-3.68000000
-0.01303700	-3.44000000
-0.01303600	-3.36000000
-0.01303500	-3.20000000
-0.01303400	-3.04000000
-0.01303300	-2.96000000
-0.01303200	-2.80000000
-0.01303100	-2.72000000
-0.01303000	-2.48000000
-0.01302900	-2.32000000
-0.01302800	-2.16000000
-0.01302700	-2.08000000
-0.01302600	-1.84000000
-0.01302500	-1.68000000
-0.01302400	-1.60000000
-0.01302300	-1.36000000
-0.01302200	-1.12000000
-0.01302100	-1.04000000
-0.01302000	-0.88000000
-0.01301900	-0.72000000
-0.01301800	-0.56000000
-0.01301700	-0.40000000
-0.01301600	-0.16000000
-0.01301500	-0.08000000
-0.01301400	0.16000000
-0.01301300	0.24000000
-0.01301200	0.40000000
-0.01301100	0.56000000
-0.01301000	0.80000000
-0.01300900	0.88000000
-0.01300800	0.96000000
-0.01300700	1.12000000
-0.01300600	1.20000000
-0.01300500	1.44000000
-0.01300400	1.52000000
-0.01300300	1.68000000
-0.01300200	1.76000000
-0.01300100	1.84000000
-0.01300000	2.00000000
-0.01299900	2.08000000
-0.01299800	2.16000000
-0.01299700	2.24000000
-0.01299600	2.40000000
-0.01299500	2.48000000
-0.01299400	2.48000000
-0.01299300	2.64000000
-0.01299200	2.64000000
-0.01299100	2.64000000
-0.01299000	2.72000000
-0.01298900	2.80000000
-0.01298800	2.80000000
-0.01298700	2.80000000
-0.01298600	2.88000000
-0.01298500	2.96000000
-0.01298400	2.96000000
-0.01298300	2.96000000
-0.01298200	2.88000000
-0.01298100	2.96000000
-0.01298000	2.96000000
-0.01297900	2.96000000
-0.01297800	2.88000000
-0.01297700	2.80000000
-0.01297600	2.80000000
-0.01297500	2.80000000
-0.01297400	2.72000000
-0.01297300	2.64000000
-0.01297200	2.64000000
-0.01297100	2.56000000
-0.01297000	2.48000000
-0.01296900	2.48000000
-0.01296800	2.40000000
-0.01296700	2.32000000
-0.01296600	2.24000000
-0.01296500	2.16000000
-0.01296400	2.08000000
-0.01296300	2.00000000
-0.01296200	1.92000000
-0.01296100	1.76000000
-0.01296000	1.76000000
-0.01295900	1.52000000
-0.01295800	1.52000000
-0.01295700	1.36000000
-0.01295600	1.20000000
-0.01295500	1.12000000
-0.01295400	0.96000000
-0.01295300	0.88000000
-0.01295200	0.72000000
-0.01295100	0.56000000
-0.01295000	0.56000000
-0.01294900	0.40000000
-0.01294800	0.24000000
-0.01294700	0.16000000
-0.01294600	0.08000000
-0.01294500	-0.16000000
-0.01294400	-0.16000000
-0.01294300	-0.32000000
-0.01294200	-0.40000000
-0.01294100	-0.56000000
-0.01294000	-0.72000000
-0.01293900	-0.80000000
-0.01293800	-0.88000000
-0.01293700	-1.04000000
-0.01293600	-1.20000000
-0.01293500	-1.20000000
-0.01293400	-1.36000000
-0.01293300	-1.52000000
-0.01293200	-1.68000000
-0.01293100	-1.76000000
-0.01293000	-1.84000000
-0.01292900	-1.92000000
-0.01292800	-2.08000000
-0.01292700	-2.08000000
-0.01292600	-2.16000000
-0.01292500	-2.24000000
-0.01292400	-2.40000000
-0.01292300	-2.32000000
-0.01292200	-2.40000000
-0.01292100	-2.40000000
-0.01292000	-2.56000000
-0.01291900	-2.56000000
-0.01291800	-2.56000000
-0.01291700	-2.56000000
-0.01291600	-2.72000000
-0.01291500	-2.72000000
-0.01291400	-2.72000000
-0.01291300	-2.80000000
-0.01291200	-2.72000000
-0.01291100	-2.72000000
-0.01291000	-2.72000000
-0.01290900	-2.72000000
-0.01290800	-2.72000000
-0.01290700	-2.72000000
-0.01290600	-2.72000000
-0.01290500	-2.72000000
-0.01290400	-2.56000000
-0.01290300	-2.56000000
-0.01290200	-2.56000000
-0.01290100	-2.56000000
-0.01290000	-2.48000000
-0.01289900	-2.48000000
-0.01289800	-2.40000000
-0.01289700	-2.40000000
-0.01289600	-2.32000000
-0.01289500	-2.24000000
-0.01289400	-2.08000000
-0.01289300	-2.08000000
-0.01289200	-2.08000000
-0.01289100	-1.92000000
-0.01289000	-1.84000000
-0.01288900	-1.76000000
-0.01288800	-1.68000000
-0.01288700	-1.60000000
-0.01288600	-1.52000000
-0.01288500	-1.36000000
-0.01288400	-1.28000000
-0.01288300	-1.12000000
-0.01288200	-1.04000000
-0.01288100	-1.04000000
-0.01288000	-0.96000000
-0.01287900	-0.80000000
-0.01287800	-0.72000000
-0.01287700	-0.64000000
-0.01287600	-0.56000000
-0.01287500	-0.40000000
-0.01287400	-0.40000000
-0.01287300	-0.24000000
-0.01287200	-0.24000000
-0.01287100	-0.08000000
-0.01287000	-0.08000000
-0.01286900	0.00000000
-0.01286800	0.08000000
-0.01286700	0.24000000
-0.01286600	0.24000000
-0.01286500	0.32000000
-0.01286400	0.40000000
-0.01286300	0.48000000
-0.01286200	0.48000000
-0.01286100	0.56000000
-0.01286000	0.64000000
-0.01285900	0.64000000
-0.01285800	0.72000000
-0.01285700	0.72000000
-0.01285600	0.88000000
-0.01285500	0.88000000
-0.01285400	0.88000000
-0.01285300	0.96000000
-0.01285200	0.96000000
-0.01285100	0.88000000
-0.01285000	0.88000000
-0.01284900	0.96000000
-0.01284800	0.88000000
-0.01284700	1.04000000
-0.01284600	1.04000000
-0.01284500	0.96000000
-0.01284400	0.96000000
-0.01284300	0.88000000
-0.01284200	0.88000000
-0.01284100	0.88000000
-0.01284000	0.88000000
-0.01283900	0.88000000
-0.01283800	0.88000000
-0.01283700	0.80000000
-0.01283600	0.72000000
-0.01283500	0.72000000
-0.01283400	0.64000000
-0.01283300	0.56000000
-0.01283200	0.56000000
-0.01283100	0.48000000
-0.01283000	0.40000000
-0.01282900	0.40000000
-0.01282800	0.32000000
-0.01282700	0.24000000
-0.01282600	0.16000000
-0.01282500	0.08000000
-0.01282400	0.08000000
-0.01282300	-0.08000000
-0.01282200	-0.16000000
-0.01282100	-0.24000000
-0.01282000	-0.32000000
-0.01281900	-0.40000000
-0.01281800	-0.48000000
-0.01281700	-0.56000000
-0.01281600	-0.72000000
-0.01281500	-0.72000000
-0.01281400	-0.80000000
-0.01281300	-0.88000000
-0.01281200	-0.96000000
-0.01281100	-1.04000000
-0.01281000	-1.12000000
-0.01280900	-1.20000000
-0.01280800	-1.36000000
-0.01280700	-1.36000000
-0.01280600	-1.36000000
-0.01280500	-1.60000000
-0.01280400	-1.60000000
-0.01280300	-1.76000000
-0.01280200	-1.76000000
-0.01280100	-1.84000000
-0.01280000	-1.84000000
-0.01279900	-1.92000000
-0.01279800	-2.08000000
-0.01279700	-2.08000000
-0.01279600	-2.16000000
-0.01279500	-2.24000000
-0.01279400	-2.16000000
-0.01279300	-2.32000000
-0.01279200	-2.32000000
-0.01279100	-2.24000000
-0.01279000	-2.24000000
-0.01278900	-2.32000000
-0.01278800	-2.40000000
-0.01278700	-2.40000000
-0.01278600	-2.40000000
-0.01278500	-2.40000000
-0.01278400	-2.40000000
-0.01278300	-2.40000000
-0.01278200	-2.32000000
-0.01278100	-2.24000000
-0.01278000	-2.24000000
-0.01277900	-2.24000000
-0.01277800	-2.24000000
-0.01277700	-2.16000000
-0.01277600	-2.08000000
-0.01277500	-2.08000000
-0.01277400	-2.00000000
-0.01277300	-1.92000000
-0.01277200	-1.76000000
-0.01277100	-1.76000000
-0.01277000	-1.68000000
-0.01276900	-1.60000000
-0.01276800	-1.52000000
-0.01276700	-1.36000000
-0.01276600	-1.36000000
-0.01276500	-1.12000000
-0.01276400	-1.04000000
-0.01276300	-0.96000000
-0.01276200	-0.80000000
-0.01276100	-0.72000000
-0.01276000	-0.56000000
-0.01275900	-0.40000000
-0.01275800	-0.32000000
-0.01275700	-0.24000000
-0.01275600	-0.08000000
-0.01275500	0.08000000
-0.01275400	0.24000000
-0.01275300	0.32000000
-0.01275200	0.48000000
-0.01275100	0.56000000
-0.01275000	0.80000000
-0.01274900	0.88000000
-0.01274800	1.04000000
-0.01274700	1.20000000
-0.01274600	1.36000000
-0.01274500	1.52000000
-0.01274400	1.60000000
-0.01274300	1.76000000
-0.01274200	2.00000000
-0.01274100	2.08000000
-0.01274000	2.16000000
-0.01273900	2.40000000
-0.01273800	2.48000000
-0.01273700	2.64000000
-0.01273600	2.80000000
-0.01273500	2.88000000
-0.01273400	3.04000000
-0.01273300	3.12000000
-0.01273200	3.36000000
-0.01273100	3.44000000
-0.01273000	3.52000000
-0.01272900	3.68000000
-0.01272800	3.76000000
-0.01272700	3.92000000
-0.01272600	4.00000000
-0.01272500	4.08000000
-0.01272400	4.24000000
-0.01272300	4.32000000
-0.01272200	4.40000000
-0.01272100	4.48000000
-0.01272000	4.56000000
-0.01271900	4.80000000
-0.01271800	4.80000000
-0.01271700	4.80000000
-0.01271600	4.88000000
-0.01271500	4.96000000
-0.01271400	4.96000000
-0.01271300	4.96000000
-0.01271200	4.96000000
-0.01271100	5.04000000
-0.01271000	5.12000000
-0.01270900	5.12000000
-0.01270800	5.12000000
-0.01270700	5.12000000
-0.01270600	5.04000000
-0.01270500	5.04000000
-0.01270400	5.04000000
-0.01270300	4.96000000
-0.01270200	4.96000000
-0.01270100	4.96000000
-0.01270000	4.88000000
-0.01269900	4.80000000
-0.01269800	4.80000000
-0.01269700	4.56000000
-0.01269600	4.48000000
-0.01269500	4.40000000
-0.01269400	4.32000000
-0.01269300	4.16000000
-0.01269200	4.08000000
-0.01269100	3.92000000
-0.01269000	3.76000000
-0.01268900	3.76000000
-0.01268800	3.60000000
-0.01268700	3.44000000
-0.01268600	3.36000000
-0.01268500	3.12000000
-0.01268400	2.96000000
-0.01268300	2.80000000
-0.01268200	2.72000000
-0.01268100	2.48000000
-0.01268000	2.32000000
-0.01267900	2.16000000
-0.01267800	2.00000000
-0.01267700	1.84000000
-0.01267600	1.68000000
-0.01267500	1.44000000
-0.01267400	1.28000000
-0.01267300	1.04000000
-0.01267200	0.88000000
-0.01267100	0.72000000
-0.01267000	0.56000000
-0.01266900	0.40000000
-0.01266800	0.08000000
-0.01266700	-0.08000000
-0.01266600	-0.24000000
-0.01266500	-0.40000000
-0.01266400	-0.72000000
-0.01266300	-0.88000000
-0.01266200	-1.04000000
-0.01266100	-1.36000000
-0.01266000	-1.60000000
-0.01265900	-1.76000000
-0.01265800	-1.92000000
-0.01265700	-2.16000000
-0.01265600	-2.40000000
-0.01265500	-2.56000000
-0.01265400	-2.72000000
-0.01265300	-2.96000000
-0.01265200	-3.04000000
-0.01265100	-3.28000000
-0.01265000	-3.36000000
-0.01264900	-3.60000000
-0.01264800	-3.76000000
-0.01264700	-4.00000000
-0.01264600	-4.16000000
-0.01264500	-4.32000000
-0.01264400	-4.32000000
-0.01264300	-4.64000000
-0.01264200	-4.64000000
-0.01264100	-4.80000000
-0.01264000	-4.96000000
-0.01263900	-5.04000000
-0.01263800	-5.20000000
-0.01263700	-5.28000000
-0.01263600	-5.36000000
-0.01263500	-5.52000000
-0.01263400	-5.60000000
-0.01263300	-5.68000000
-0.01263200	-5.76000000
-0.01263100	-5.76000000
-0.01263000	-5.92000000
-0.01262900	-6.00000000
-0.01262800	-6.00000000
-0.01262700	-6.00000000
-0.01262600	-6.08000000
-0.01262500	-6.08000000
-0.01262400	-6.08000000
-0.01262300	-6.24000000
-0.01262200	-6.08000000
-0.01262100	-6.16000000
-0.01262000	-6.16000000
-0.01261900	-6.16000000
-0.01261800	-6.00000000
-0.01261700	-6.08000000
-0.01261600	-6.00000000
-0.01261500	-6.00000000
-0.01261400	-5.92000000
-0.01261300	-5.84000000
-0.01261200	-5.76000000
-0.01261100	-5.68000000
-0.01261000	-5.60000000
-0.01260900	-5.60000000
-0.01260800	-5.44000000
-0.01260700	-5.36000000
-0.01260600	-5.28000000
-0.01260500	-5.12000000
-0.01260400	-4.96000000
-0.01260300	-4.88000000
-0.01260200	-4.80000000
-0.01260100	-4.64000000
-0.01260000	-4.48000000
-0.01259900	-4.32000000
-0.01259800	-4.16000000
-0.01259700	-4.00000000
-0.01259600	-3.92000000
-0.01259500	-3.68000000
-0.01259400	-3.52000000
-0.01259300	-3.36000000
-0.01259200	-3.20000000
-0.01259100	-3.04000000
-0.01259000	-2.88000000
-0.01258900	-2.72000000
-0.01258800	-2.48000000
-0.01258700	-2.40000000
-0.01258600	-2.08000000
-0.01258500	-1.92000000
-0.01258400	-1.76000000
-0.01258300	-1.60000000
-0.01258200	-1.36000000
-0.01258100	-1.04000000
-0.01258000	-0.88000000
-0.01257900	-0.72000000
-0.01257800	-0.48000000
-0.01257700	-0.32000000
-0.01257600	-0.16000000
-0.01257500	0.08000000
-0.01257400	0.24000000
-0.01257300	0.40000000
-0.01257200	0.56000000
-0.01257100	0.80000000
-0.01257000	0.96000000
-0.01256900	1.20000000
-0.01256800	1.36000000
-0.01256700	1.52000000
-0.01256600	1.68000000
-0.01256500	1.84000000
-0.01256400	2.08000000
-0.01256300	2.16000000
-0.01256200	2.32000000
-0.01256100	2.48000000
-0.01256000	2.64000000
-0.01255900	2.80000000
-0.01255800	2.96000000
-0.01255700	3.12000000
-0.01255600	3.20000000
-0.01255500	3.36000000
-0.01255400	3.44000000
-0.01255300	3.60000000
-0.01255200	3.76000000
-0.01255100	3.76000000
-0.01255000	3.92000000
-0.01254900	4.00000000
-0.01254800	4.16000000
-0.01254700	4.24000000
-0.01254600	4.24000000
-0.01254500	4.32000000
-0.01254400	4.40000000
-0.01254300	4.56000000
-0.01254200	4.56000000
-0.01254100	4.72000000
-0.01254000	4.72000000
-0.01253900	4.80000000
-0.01253800	4.80000000
-0.01253700	4.80000000
-0.01253600	4.88000000
-0.01253500	4.88000000
-0.01253400	4.96000000
-0.01253300	4.88000000
-0.01253200	4.88000000
-0.01253100	4.88000000
-0.01253000	4.96000000
-0.01252900	4.88000000
-0.01252800	4.80000000
-0.01252700	4.80000000
-0.01252600	4.80000000
-0.01252500	4.80000000
-0.01252400	4.80000000
-0.01252300	4.72000000
-0.01252200	4.72000000
-0.01252100	4.56000000
-0.01252000	4.48000000
-0.01251900	4.40000000
-0.01251800	4.24000000
-0.01251700	4.24000000
-0.01251600	4.16000000
-0.01251500	4.08000000
-0.01251400	4.00000000
-0.01251300	3.92000000
-0.01251200	3.76000000
-0.01251100	3.68000000
-0.01251000	3.60000000
-0.01250900	3.60000000
-0.01250800	3.44000000
-0.01250700	3.28000000
-0.01250600	3.12000000
-0.01250500	3.04000000
-0.01250400	2.88000000
-0.01250300	2.80000000
-0.01250200	2.72000000
-0.01250100	2.64000000
-0.01250000	2.48000000
-0.01249900	2.40000000
-0.01249800	2.32000000
-0.01249700	2.16000000
-0.01249600	2.00000000
-0.01249500	1.84000000
-0.01249400	1.68000000
-0.01249300	1.68000000
-0.01249200	1.52000000
-0.01249100	1.36000000
-0.01249000	1.20000000
-0.01248900	1.20000000
-0.01248800	0.96000000
-0.01248700	0.88000000
-0.01248600	0.64000000
-0.01248500	0.56000000
-0.01248400	0.48000000
-0.01248300	0.40000000
-0.01248200	0.24000000
-0.01248100	0.08000000
-0.01248000	0.08000000
-0.01247900	-0.08000000
-0.01247800	-0.24000000
-0.01247700	-0.40000000
-0.01247600	-0.40000000
-0.01247500	-0.56000000
-0.01247400	-0.72000000
-0.01247300	-0.80000000
-0.01247200	-0.96000000
-0.01247100	-1.04000000
-0.01247000	-1.12000000
-0.01246900	-1.20000000
-0.01246800	-1.36000000
-0.01246700	-1.36000000
-0.01246600	-1.60000000
-0.01246500	-1.60000000
-0.01246400	-1.76000000
-0.01246300	-1.84000000
-0.01246200	-1.92000000
-0.01246100	-2.08000000
-0.01246000	-2.08000000
-0.01245900	-2.16000000
-0.01245800	-2.24000000
-0.01245700	-2.24000000
-0.01245600	-2.40000000
-0.01245500	-2.40000000
-0.01245400	-2.48000000
-0.01245300	-2.56000000
-0.01245200	-2.56000000
-0.01245100	-2.72000000
-0.01245000	-2.72000000
-0.01244900	-2.72000000
-0.01244800	-2.80000000
-0.01244700	-2.80000000
-0.01244600	-2.88000000
-0.01244500	-2.88000000
-0.01244400	-2.96000000
-0.01244300	-2.96000000
-0.01244200	-3.04000000
-0.01244100	-3.04000000
-0.01244000	-3.04000000
-0.01243900	-3.04000000
-0.01243800	-3.04000000
-0.01243700	-3.04000000
-0.01243600	-3.04000000
-0.01243500	-3.04000000
-0.01243400	-3.04000000
-0.01243300	-3.04000000
-0.01243200	-3.12000000
-0.01243100	-3.12000000
-0.01243000	-3.12000000
-0.01242900	-3.04000000
-0.01242800	-3.04000000
-0.01242700	-3.04000000
-0.01242600	-3.04000000
-0.01242500	-3.04000000
-0.01242400	-2.96000000
-0.01242300	-3.04000000
-0.01242200	-3.04000000
-0.01242100	-2.96000000
-0.01242000	-2.96000000
-0.01241900	-2.88000000
-0.01241800	-2.88000000
-0.01241700	-2.88000000
-0.01241600	-2.88000000
-0.01241500	-2.80000000
-0.01241400	-2.72000000
-0.01241300	-2.72000000
-0.01241200	-2.72000000
-0.01241100	-2.56000000
-0.01241000	-2.72000000
-0.01240900	-2.56000000
-0.01240800	-2.56000000
-0.01240700	-2.40000000
-0.01240600	-2.40000000
-0.01240500	-2.40000000
-0.01240400	-2.32000000
-0.01240300	-2.24000000
-0.01240200	-2.16000000
-0.01240100	-2.16000000
-0.01240000	-2.08000000
-0.01239900	-1.92000000
-0.01239800	-2.00000000
-0.01239700	-1.84000000
-0.01239600	-1.76000000
-0.01239500	-1.76000000
-0.01239400	-1.60000000
-0.01239300	-1.60000000
-0.01239200	-1.36000000
-0.01239100	-1.36000000
-0.01239000	-1.20000000
-0.01238900	-1.20000000
-0.01238800	-1.20000000
-0.01238700	-1.04000000
-0.01238600	-1.04000000
-0.01238500	-0.88000000
-0.01238400	-0.88000000
-0.01238300	-0.80000000
-0.01238200	-0.64000000
-0.01238100	-0.56000000
-0.01238000	-0.48000000
-0.01237900	-0.40000000
-0.01237800	-0.32000000
-0.01237700	-0.24000000
-0.01237600	-0.16000000
-0.01237500	-0.08000000
-0.01237400	0.00000000
-0.01237300	0.16000000
-0.01237200	0.24000000
-0.01237100	0.24000000
-0.01237000	0.40000000
-0.01236900	0.40000000
-0.01236800	0.56000000
-0.01236700	0.56000000
-0.01236600	0.80000000
-0.01236500	0.88000000
-0.01236400	0.88000000
-0.01236300	0.96000000
-0.01236200	1.12000000
-0.01236100	1.20000000
-0.01236000	1.28000000
-0.01235900	1.36000000
-0.01235800	1.52000000
-0.01235700	1.60000000
-0.01235600	1.68000000
-0.01235500	1.84000000
-0.01235400	1.84000000
-0.01235300	2.00000000
-0.01235200	2.08000000
-0.01235100	2.16000000
-0.01235000	2.16000000
-0.01234900	2.32000000
-0.01234800	2.40000000
-0.01234700	2.48000000
-0.01234600	2.64000000
-0.01234500	2.72000000
-0.01234400	2.80000000
-0.01234300	2.80000000
-0.01234200	2.88000000
-0.01234100	2.96000000
-0.01234000	3.04000000
-0.01233900	3.12000000
-0.01233800	3.12000000
-0.01233700	3.20000000
-0.01233600	3.28000000
-0.01233500	3.44000000
-0.01233400	3.44000000
-0.01233300	3.52000000
-0.01233200	3.52000000
-0.01233100	3.60000000
-0.01233000	3.68000000
-0.01232900	3.68000000
-0.01232800	3.76000000
-0.01232700	3.76000000
-0.01232600	3.76000000
-0.01232500	3.84000000
-0.01232400	3.92000000
-0.01232300	3.92000000
-0.01232200	3.92000000
-0.01232100	3.84000000
-0.01232000	3.92000000
-0.01231900	3.92000000
-0.01231800	3.92000000
-0.01231700	3.92000000
-0.01231600	3.92000000
-0.01231500	3.92000000
-0.01231400	3.76000000
-0.01231300	3.84000000
-0.01231200	3.76000000
-0.01231100	3.76000000
-0.01231000	3.68000000
-0.01230900	3.76000000
-0.01230800	3.68000000
-0.01230700	3.60000000
-0.01230600	3.52000000
-0.01230500	3.44000000
-0.01230400	3.44000000
-0.01230300	3.36000000
-0.01230200	3.28000000
-0.01230100	3.12000000
-0.01230000	3.04000000
-0.01229900	2.96000000
-0.01229800	2.88000000
-0.01229700	2.80000000
-0.01229600	2.64000000
-0.01229500	2.56000000
-0.01229400	2.48000000
-0.01229300	2.32000000
-0.01229200	2.16000000
-0.01229100	2.08000000
-0.01229000	2.00000000
-0.01228900	1.84000000
-0.01228800	1.76000000
-0.01228700	1.52000000
-0.01228600	1.36000000
-0.01228500	1.36000000
-0.01228400	1.20000000
-0.01228300	0.96000000
-0.01228200	0.88000000
-0.01228100	0.72000000
-0.01228000	0.56000000
-0.01227900	0.40000000
-0.01227800	0.24000000
-0.01227700	0.08000000
-0.01227600	-0.08000000
-0.01227500	-0.16000000
-0.01227400	-0.40000000
-0.01227300	-0.48000000
-0.01227200	-0.72000000
-0.01227100	-0.88000000
-0.01227000	-1.04000000
-0.01226900	-1.20000000
-0.01226800	-1.36000000
-0.01226700	-1.60000000
-0.01226600	-1.76000000
-0.01226500	-1.92000000
-0.01226400	-2.08000000
-0.01226300	-2.24000000
-0.01226200	-2.40000000
-0.01226100	-2.56000000
-0.01226000	-2.72000000
-0.01225900	-2.88000000
-0.01225800	-3.04000000
-0.01225700	-3.12000000
-0.01225600	-3.28000000
-0.01225500	-3.44000000
-0.01225400	-3.52000000
-0.01225300	-3.76000000
-0.01225200	-3.84000000
-0.01225100	-4.00000000
-0.01225000	-4.08000000
-0.01224900	-4.24000000
-0.01224800	-4.32000000
-0.01224700	-4.48000000
-0.01224600	-4.56000000
-0.01224500	-4.64000000
-0.01224400	-4.72000000
-0.01224300	-4.80000000
-0.01224200	-4.96000000
-0.01224100	-4.96000000
-0.01224000	-5.12000000
-0.01223900	-5.12000000
-0.01223800	-5.28000000
-0.01223700	-5.28000000
-0.01223600	-5.28000000
-0.01223500	-5.36000000
-0.01223400	-5.44000000
-0.01223300	-5.52000000
-0.01223200	-5.44000000
-0.01223100	-5.44000000
-0.01223000	-5.44000000
-0.01222900	-5.60000000
-0.01222800	-5.44000000
-0.01222700	-5.44000000
-0.01222600	-5.44000000
-0.01222500	-5.52000000
-0.01222400	-5.44000000
-0.01222300	-5.36000000
-0.01222200	-5.36000000
-0.01222100	-5.36000000
-0.01222000	-5.28000000
-0.01221900	-5.12000000
-0.01221800	-5.12000000
-0.01221700	-5.12000000
-0.01221600	-4.96000000
-0.01221500	-4.96000000
-0.01221400	-4.80000000
-0.01221300	-4.64000000
-0.01221200	-4.64000000
-0.01221100	-4.40000000
-0.01221000	-4.32000000
-0.01220900	-4.24000000
-0.01220800	-4.08000000
-0.01220700	-4.00000000
-0.01220600	-3.84000000
-0.01220500	-3.68000000
-0.01220400	-3.60000000
-0.01220300	-3.36000000
-0.01220200	-3.20000000
-0.01220100	-3.04000000
-0.01220000	-2.88000000
-0.01219900	-2.72000000
-0.01219800	-2.48000000
-0.01219700	-2.32000000
-0.01219600	-2.16000000
-0.01219500	-1.92000000
-0.01219400	-1.76000000
-0.01219300	-1.52000000
-0.01219200	-1.20000000
-0.01219100	-1.04000000
-0.01219000	-0.80000000
-0.01218900	-0.64000000
-0.01218800	-0.40000000
-0.01218700	-0.16000000
-0.01218600	0.00000000
-0.01218500	0.24000000
-0.01218400	0.40000000
-0.01218300	0.72000000
-0.01218200	0.88000000
-0.01218100	1.04000000
-0.01218000	1.36000000
-0.01217900	1.52000000
-0.01217800	1.68000000
-0.01217700	1.92000000
-0.01217600	2.16000000
-0.01217500	2.40000000
-0.01217400	2.64000000
-0.01217300	2.80000000
-0.01217200	3.12000000
-0.01217100	3.20000000
-0.01217000	3.44000000
-0.01216900	3.60000000
-0.01216800	3.76000000
-0.01216700	4.08000000
-0.01216600	4.24000000
-0.01216500	4.32000000
-0.01216400	4.56000000
-0.01216300	4.80000000
-0.01216200	4.96000000
-0.01216100	5.12000000
-0.01216000	5.20000000
-0.01215900	5.36000000
-0.01215800	5.52000000
-0.01215700	5.68000000
-0.01215600	5.76000000
-0.01215500	5.92000000
-0.01215400	6.08000000
-0.01215300	6.08000000
-0.01215200	6.16000000
-0.01215100	6.24000000
-0.01215000	6.32000000
-0.01214900	6.40000000
-0.01214800	6.48000000
-0.01214700	6.56000000
-0.01214600	6.64000000
-0.01214500	6.64000000
-0.01214400	6.64000000
-0.01214300	6.64000000
-0.01214200	6.72000000
-0.01214100	6.64000000
-0.01214000	6.64000000
-0.01213900	6.64000000
-0.01213800	6.64000000
-0.01213700	6.56000000
-0.01213600	6.56000000
-0.01213500	6.48000000
-0.01213400	6.40000000
-0.01213300	6.32000000
-0.01213200	6.24000000
-0.01213100	6.16000000
-0.01213000	6.08000000
-0.01212900	5.92000000
-0.01212800	5.76000000
-0.01212700	5.68000000
-0.01212600	5.60000000
-0.01212500	5.44000000
-0.01212400	5.28000000
-0.01212300	5.20000000
-0.01212200	5.04000000
-0.01212100	4.80000000
-0.01212000	4.56000000
-0.01211900	4.40000000
-0.01211800	4.24000000
-0.01211700	4.08000000
-0.01211600	3.92000000
-0.01211500	3.68000000
-0.01211400	3.44000000
-0.01211300	3.28000000
-0.01211200	2.96000000
-0.01211100	2.80000000
-0.01211000	2.64000000
-0.01210900	2.32000000
-0.01210800	2.16000000
-0.01210700	2.00000000
-0.01210600	1.76000000
-0.01210500	1.52000000
-0.01210400	1.36000000
-0.01210300	1.04000000
-0.01210200	0.88000000
-0.01210100	0.72000000
-0.01210000	0.32000000
-0.01209900	0.24000000
-0.01209800	-0.08000000
-0.01209700	-0.24000000
-0.01209600	-0.48000000
-0.01209500	-0.72000000
-0.01209400	-1.04000000
-0.01209300	-1.12000000
-0.01209200	-1.36000000
-0.01209100	-1.68000000
-0.01209000	-1.92000000
-0.01208900	-2.08000000
-0.01208800	-2.32000000
-0.01208700	-2.48000000
-0.01208600	-2.72000000
-0.01208500	-2.88000000
-0.01208400	-3.04000000
-0.01208300	-3.12000000
-0.01208200	-3.36000000
-0.01208100	-3.60000000
-0.01208000	-3.76000000
-0.01207900	-3.92000000
-0.01207800	-4.00000000
-0.01207700	-4.16000000
-0.01207600	-4.32000000
-0.01207500	-4.32000000
-0.01207400	-4.64000000
-0.01207300	-4.64000000
-0.01207200	-4.80000000
-0.01207100	-4.88000000
-0.01207000	-4.96000000
-0.01206900	-5.04000000
-0.01206800	-5.12000000
-0.01206700	-5.20000000
-0.01206600	-5.28000000
-0.01206500	-5.28000000
-0.01206400	-5.36000000
-0.01206300	-5.36000000
-0.01206200	-5.36000000
-0.01206100	-5.44000000
-0.01206000	-5.44000000
-0.01205900	-5.44000000
-0.01205800	-5.44000000
-0.01205700	-5.44000000
-0.01205600	-5.36000000
-0.01205500	-5.36000000
-0.01205400	-5.28000000
-0.01205300	-5.28000000
-0.01205200	-5.28000000
-0.01205100	-5.12000000
-0.01205000	-5.12000000
-0.01204900	-5.04000000
-0.01204800	-4.96000000
-0.01204700	-4.88000000
-0.01204600	-4.80000000
-0.01204500	-4.72000000
-0.01204400	-4.64000000
-0.01204300	-4.48000000
-0.01204200	-4.32000000
-0.01204100	-4.24000000
-0.01204000	-4.00000000
-0.01203900	-3.92000000
-0.01203800	-3.76000000
-0.01203700	-3.60000000
-0.01203600	-3.52000000
-0.01203500	-3.36000000
-0.01203400	-3.12000000
-0.01203300	-3.04000000
-0.01203200	-2.88000000
-0.01203100	-2.56000000
-0.01203000	-2.48000000
-0.01202900	-2.40000000
-0.01202800	-2.16000000
-0.01202700	-1.92000000
-0.01202600	-1.76000000
-0.01202500	-1.68000000
-0.01202400	-1.36000000
-0.01202300	-1.12000000
-0.01202200	-0.96000000
-0.01202100	-0.72000000
-0.01202000	-0.56000000
-0.01201900	-0.40000000
-0.01201800	-0.24000000
-0.01201700	-0.08000000
-0.01201600	0.16000000
-0.01201500	0.24000000
-0.01201400	0.48000000
-0.01201300	0.72000000
-0.01201200	0.88000000
-0.01201100	1.04000000
-0.01201000	1.12000000
-0.01200900	1.36000000
-0.01200800	1.52000000
-0.01200700	1.68000000
-0.01200600	1.76000000
-0.01200500	1.92000000
-0.01200400	2.00000000
-0.01200300	2.16000000
-0.01200200	2.24000000
-0.01200100	2.48000000
-0.01200000	2.56000000
-0.01199900	2.64000000
-0.01199800	2.80000000
-0.01199700	2.80000000
-0.01199600	2.96000000
-0.01199500	3.12000000
-0.01199400	3.12000000
-0.01199300	3.28000000
-0.01199200	3.28000000
-0.01199100	3.36000000
-0.01199000	3.44000000
-0.01198900	3.44000000
-0.01198800	3.44000000
-0.01198700	3.44000000
-0.01198600	3.52000000
-0.01198500	3.52000000
-0.01198400	3.60000000
-0.01198300	3.52000000
-0.01198200	3.60000000
-0.01198100	3.68000000
-0.01198000	3.60000000
-0.01197900	3.60000000
-0.01197800	3.60000000
-0.01197700	3.44000000
-0.01197600	3.44000000
-0.01197500	3.36000000
-0.01197400	3.36000000
-0.01197300	3.28000000
-0.01197200	3.28000000
-0.01197100	3.12000000
-0.01197000	3.12000000
-0.01196900	2.96000000
-0.01196800	2.88000000
-0.01196700	2.80000000
-0.01196600	2.72000000
-0.01196500	2.64000000
-0.01196400	2.56000000
-0.01196300	2.40000000
-0.01196200	2.32000000
-0.01196100	2.16000000
-0.01196000	2.08000000
-0.01195900	2.00000000
-0.01195800	1.84000000
-0.01195700	1.68000000
-0.01195600	1.60000000
-0.01195500	1.52000000
-0.01195400	1.36000000
-0.01195300	1.20000000
-0.01195200	1.04000000
-0.01195100	0.96000000
-0.01195000	0.88000000
-0.01194900	0.72000000
-0.01194800	0.56000000
-0.01194700	0.40000000
-0.01194600	0.24000000
-0.01194500	0.24000000
-0.01194400	0.00000000
-0.01194300	0.00000000
-0.01194200	-0.24000000
-0.01194100	-0.40000000
-0.01194000	-0.48000000
-0.01193900	-0.56000000
-0.01193800	-0.72000000
-0.01193700	-0.80000000
-0.01193600	-0.96000000
-0.01193500	-1.04000000
-0.01193400	-1.20000000
-0.01193300	-1.20000000
-0.01193200	-1.36000000
-0.01193100	-1.52000000
-0.01193000	-1.52000000
-0.01192900	-1.76000000
-0.01192800	-1.76000000
-0.01192700	-1.84000000
-0.01192600	-1.92000000
-0.01192500	-2.08000000
-0.01192400	-2.08000000
-0.01192300	-2.16000000
-0.01192200	-2.16000000
-0.01192100	-2.24000000
-0.01192000	-2.32000000
-0.01191900	-2.40000000
-0.01191800	-2.40000000
-0.01191700	-2.40000000
-0.01191600	-2.48000000
-0.01191500	-2.48000000
-0.01191400	-2.56000000
-0.01191300	-2.56000000
-0.01191200	-2.56000000
-0.01191100	-2.48000000
-0.01191000	-2.48000000
-0.01190900	-2.48000000
-0.01190800	-2.48000000
-0.01190700	-2.48000000
-0.01190600	-2.48000000
-0.01190500	-2.48000000
-0.01190400	-2.48000000
-0.01190300	-2.40000000
-0.01190200	-2.40000000
-0.01190100	-2.40000000
-0.01190000	-2.24000000
-0.01189900	-2.24000000
-0.01189800	-2.16000000
-0.01189700	-2.08000000
-0.01189600	-2.08000000
-0.01189500	-2.08000000
-0.01189400	-1.92000000
-0.01189300	-1.76000000
-0.01189200	-1.84000000
-0.01189100	-1.68000000
-0.01189000	-1.60000000
-0.01188900	-1.52000000
-0.01188800	-1.52000000
-0.01188700	-1.36000000
-0.01188600	-1.20000000
-0.01188500	-1.20000000
-0.01188400	-1.04000000
-0.01188300	-1.04000000
-0.01188200	-0.88000000
-0.01188100	-0.88000000
-0.01188000	-0.72000000
-0.01187900	-0.72000000
-0.01187800	-0.56000000
-0.01187700	-0.56000000
-0.01187600	-0.40000000
-0.01187500	-0.40000000
-0.01187400	-0.24000000
-0.01187300	-0.16000000
-0.01187200	-0.08000000
-0.01187100	0.00000000
-0.01187000	0.08000000
-0.01186900	0.16000000
-0.01186800	0.16000000
-0.01186700	0.24000000
-0.01186600	0.32000000
-0.01186500	0.48000000
-0.01186400	0.40000000
-0.01186300	0.48000000
-0.01186200	0.56000000
-0.01186100	0.56000000
-0.01186000	0.64000000
-0.01185900	0.72000000
-0.01185800	0.72000000
-0.01185700	0.80000000
-0.01185600	0.80000000
-0.01185500	0.88000000
-0.01185400	0.88000000
-0.01185300	0.88000000
-0.01185200	0.88000000
-0.01185100	0.88000000
-0.01185000	0.88000000
-0.01184900	0.88000000
-0.01184800	0.88000000
-0.01184700	0.88000000
-0.01184600	0.88000000
-0.01184500	0.88000000
-0.01184400	0.88000000
-0.01184300	0.80000000
-0.01184200	0.80000000
-0.01184100	0.80000000
-0.01184000	0.80000000
-0.01183900	0.56000000
-0.01183800	0.64000000
-0.01183700	0.56000000
-0.01183600	0.56000000
-0.01183500	0.48000000
-0.01183400	0.40000000
-0.01183300	0.40000000
-0.01183200	0.32000000