-3.52000000
-3.20000000
-3.20000000
-3.52000000
-3.52000000
-3.20000000
-3.20000000
-3.52000000
-3.52000000
-3.20000000
-3.20000000
-3.52000000
-3.52000000
-3.20000000
-3.20000000
-3.52000000
-3.52000000
-3.20000000
-3.20000000
-3.52000000
-3.52000000
-3.20000000
-3.20000000
-3.52000000
-3.52000000
-3.20000000
-3.20000000
-3.52000000
-3.52000000
-3.20000000
-3.20000000
-3.52000000
-3.52000000
-3.20000000
-3.20000000
-3.52000000
-3.52000000
-3.52000000
-3.68000000
-3.76000000
-3.84000000
-4.00000000
-4.08000000
-4.16000000
-4.24000000
-4.32000000
-4.40000000
-4.40000000
-4.48000000
-4.64000000
-4.64000000
-4.64000000
-4.72000000
-4.80000000
-4.80000000
-4.80000000
-4.80000000
-4.80000000
-4.80000000
-4.88000000
-4.88000000
-4.80000000
-4.80000000
-4.72000000
-4.80000000
-4.72000000
-4.64000000
-4.64000000
-4.64000000
-4.48000000
-4.56000000
-4.32000000
-4.32000000
-4.32000000
-4.24000000
-4.16000000
-4.00000000
-4.00000000
-3.84000000
-3.68000000
-3.68000000
-3.52000000
-3.36000000
-3.20000000
-3.12000000
-3.04000000
-2.88000000
-2.72000000
-2.64000000
-2.48000000
-2.40000000
-2.16000000
-2.08000000
-1.92000000
-1.68000000
-1.60000000
-1.36000000
-1.20000000
-1.04000000
-0.88000000
-0.72000000
-0.56000000
-0.40000000
-0.16000000
-0.08000000
0.08000000
0.24000000
0.40000000
0.56000000
0.72000000
0.88000000
1.04000000
1.20000000
1.28000000
1.52000000
1.52000000
1.68000000
1.92000000
2.00000000
2.16000000
2.24000000
2.40000000
2.56000000
2.72000000
2.80000000
2.88000000
2.96000000
3.12000000
3.12000000
3.28000000
3.36000000
3.44000000
3.60000000
3.60000000
3.68000000
3.76000000
3.76000000
3.92000000
3.92000000
4.00000000
4.00000000
4.00000000
4.08000000
4.08000000
4.08000000
4.16000000
4.08000000
4.08000000
4.16000000
4.08000000
4.16000000
4.08000000
4.16000000
4.08000000
4.08000000
4.08000000
4.08000000
4.00000000
4.00000000
3.92000000
3.76000000
3.76000000
3.68000000
3.60000000
3.60000000
3.60000000
3.44000000
3.44000000
3.44000000
3.28000000
3.12000000
3.12000000
2.96000000
2.88000000
2.80000000
2.72000000
2.64000000
2.48000000
2.48000000
2.32000000
2.24000000
2.16000000
2.08000000
2.00000000
1.84000000
1.84000000
1.68000000
1.52000000
1.44000000
1.36000000
1.28000000
1.20000000
1.12000000
0.96000000
0.88000000
0.80000000
0.72000000
0.56000000
0.48000000
0.40000000
0.24000000
0.24000000
0.16000000
0.08000000
-0.08000000
-0.08000000
-0.16000000
-0.24000000
-0.40000000
-0.40000000
-0.40000000
-0.56000000
-0.64000000
-0.72000000
-0.72000000
-0.80000000
-0.80000000
-0.88000000
-1.04000000
-1.04000000
-1.04000000
-1.12000000
-1.20000000
-1.20000000
-1.20000000
-1.28000000
-1.36000000
-1.36000000
-1.36000000
-1.36000000
-1.36000000
-1.36000000
-1.60000000
-1.60000000
-1.60000000
-1.60000000
-1.60000000
-1.60000000
-1.60000000
-1.60000000
-1.68000000
-1.68000000
-1.60000000
-1.68000000
-1.60000000
-1.60000000
-1.60000000
-1.68000000
-1.60000000
-1.60000000
-1.60000000
-1.60000000
-1.60000000
-1.60000000
-1.60000000
-1.60000000
-1.52000000
-1.52000000
-1.36000000
-1.36000000
-1.36000000
-1.36000000
-1.36000000
-1.36000000
-1.28000000
-1.20000000
-1.28000000
-1.20000000
-1.20000000
-1.20000000
-1.12000000
-1.04000000
-1.12000000
-1.04000000
-1.04000000
-1.04000000
-0.96000000
-0.96000000
-0.88000000
-0.88000000
-0.88000000
-0.80000000
-0.80000000
-0.72000000
-0.72000000
-0.80000000
-0.72000000
-0.72000000
-0.64000000
-0.64000000
-0.64000000
-0.56000000
-0.56000000
-0.56000000
-0.56000000
-0.40000000
-0.40000000
-0.40000000
-0.40000000
-0.40000000
-0.40000000
-0.24000000
-0.24000000
-0.24000000
-0.24000000
-0.16000000
-0.16000000
-0.16000000
-0.08000000
-0.16000000
-0.08000000
-0.08000000
-0.08000000
-0.08000000
0.08000000
0.08000000
0.16000000
0.16000000
0.16000000
0.24000000
0.16000000
0.24000000
0.24000000
0.24000000
0.24000000
0.32000000
0.32000000
0.40000000
0.40000000
0.48000000
0.48000000
0.48000000
0.56000000
0.56000000
0.56000000
0.64000000
0.64000000
0.72000000
0.72000000
0.80000000
0.80000000
0.80000000
0.88000000
0.88000000
0.88000000
0.88000000
0.96000000
0.96000000
0.96000000
1.04000000
1.12000000
1.12000000
1.04000000
1.12000000
1.20000000
1.12000000
1.20000000
1.20000000
1.20000000
1.20000000
1.28000000
1.20000000
1.28000000
1.20000000
1.28000000
1.36000000
1.36000000
1.28000000
1.36000000
1.36000000
1.28000000
1.28000000
1.36000000
1.28000000
1.28000000
1.36000000
1.20000000
1.20000000
1.20000000
1.20000000
1.20000000
1.20000000
1.20000000
1.20000000
1.12000000
1.12000000
1.12000000
1.04000000
1.04000000
1.04000000
0.96000000
0.88000000
0.88000000
0.88000000
0.80000000
0.80000000
0.72000000
0.64000000
0.64000000
0.56000000
0.56000000
0.56000000
0.48000000
0.32000000
0.40000000
0.24000000
0.24000000
0.24000000
0.08000000
0.08000000
0.00000000
-0.08000000
-0.08000000
-0.16000000
-0.24000000
-0.24000000
-0.40000000
-0.40000000
-0.48000000
-0.56000000
-0.64000000
-0.72000000
-0.72000000
-0.80000000
-0.88000000
-0.96000000
-1.04000000
-1.04000000
-1.20000000
-1.20000000
-1.36000000
-1.36000000
-1.36000000
-1.52000000
-1.60000000
-1.68000000
-1.76000000
-1.76000000
-1.76000000
-1.92000000
-1.92000000
-2.08000000
-2.08000000
-2.08000000
-2.16000000
-2.24000000
-2.24000000
-2.32000000
-2.40000000
-2.40000000
-2.40000000
-2.48000000
-2.48000000
-2.48000000
-2.56000000
-2.48000000
-2.56000000
-2.56000000
-2.56000000
-2.64000000
-2.56000000
-2.56000000
-2.56000000
-2.64000000
-2.56000000
-2.64000000
-2.56000000
-2.56000000
-2.56000000
-2.56000000
-2.48000000
-2.48000000
-2.40000000
-2.48000000
-2.40000000
-2.40000000
-2.40000000
-2.40000000
-2.24000000
-2.24000000
-2.16000000
-2.08000000
-2.08000000
-1.92000000
-1.92000000
-1.76000000
-1.76000000
-1.76000000
-1.60000000
-1.60000000
-1.36000000
-1.36000000
-1.20000000
-1.12000000
-1.04000000
-1.04000000
-0.88000000
-0.80000000
-0.72000000
-0.64000000
-0.56000000
-0.40000000
-0.40000000
-0.24000000
-0.16000000
-0.08000000
0.08000000
0.16000000
0.24000000
0.24000000
0.40000000
0.56000000
0.56000000
0.72000000
0.80000000
0.88000000
1.04000000
1.12000000
1.20000000
1.20000000
1.36000000
1.44000000
1.44000000
1.60000000
1.68000000
1.68000000
1.76000000
1.84000000
2.00000000
2.00000000
2.00000000
2.08000000
2.16000000
2.32000000
2.32000000
2.32000000
2.32000000
2.40000000
2.48000000
2.48000000
2.48000000
2.56000000
2.48000000
2.64000000
2.64000000
2.64000000
2.64000000
2.64000000
2.72000000
2.64000000
2.64000000
2.64000000
2.64000000
2.64000000
2.64000000
2.64000000
2.56000000
2.48000000
2.48000000
2.48000000
2.48000000
2.48000000
2.40000000
2.32000000
2.32000000
2.24000000
2.16000000
2.08000000
2.08000000
2.08000000
2.00000000
1.84000000
1.84000000
1.84000000
1.76000000
1.76000000
1.60000000
1.52000000
1.52000000
1.36000000
1.28000000
1.20000000
1.20000000
1.12000000
0.96000000
0.88000000
0.88000000
0.80000000
0.80000000
0.56000000
0.56000000
0.48000000
0.40000000
0.40000000
0.24000000
0.24000000
0.16000000
0.08000000
-0.08000000
-0.08000000
-0.16000000
-0.16000000
-0.32000000
-0.32000000
-0.40000000
-0.40000000
-0.56000000
-0.56000000
-0.64000000
-0.72000000
-0.72000000
-0.80000000
-0.80000000
-0.88000000
-0.96000000
-1.04000000
-1.04000000
-1.04000000
-1.04000000
-1.12000000
-1.20000000
-1.20000000
-1.20000000
-1.28000000
-1.20000000
-1.20000000
-1.36000000
-1.36000000
-1.36000000
-1.36000000
-1.36000000
-1.36000000
-1.36000000
-1.36000000
-1.36000000
-1.36000000
-1.36000000
-1.36000000
-1.36000000
-1.28000000
-1.28000000
-1.20000000
-1.20000000
-1.20000000
-1.20000000
-1.20000000
-1.12000000
-1.12000000
-1.04000000
-1.04000000
-1.04000000
-0.96000000
-0.96000000
-0.88000000
-0.88000000
-0.88000000
-0.80000000
-0.80000000
-0.72000000
-0.72000000
-0.72000000
-0.56000000
-0.56000000
-0.48000000
-0.48000000
-0.40000000
-0.40000000
-0.40000000
-0.32000000
-0.24000000
-0.24000000
-0.16000000
-0.08000000
-0.08000000
-0.08000000
-0.08000000
0.08000000
0.08000000
0.08000000
0.16000000
0.16000000
0.24000000
0.24000000
0.24000000
0.24000000
0.24000000
0.32000000
0.32000000
0.40000000
0.40000000
0.40000000
0.40000000
0.40000000
0.48000000
0.48000000
0.40000000
0.48000000
0.48000000
0.48000000
0.48000000
0.48000000
0.48000000
0.48000000
0.48000000
0.40000000
0.48000000
0.40000000
0.40000000
0.48000000
0.40000000
0.48000000
0.40000000
0.40000000
0.32000000
0.16000000
0.24000000
0.24000000
0.24000000
0.24000000
0.24000000
0.24000000
0.24000000
0.16000000
0.16000000
0.08000000
0.08000000
0.00000000
0.08000000
0.00000000
0.00000000
-0.08000000
-0.08000000
-0.08000000
-0.08000000
-0.08000000
-0.08000000
-0.08000000
-0.08000000
-0.16000000
-0.16000000
-0.24000000
-0.16000000
-0.24000000
-0.16000000
-0.24000000
-0.24000000
-0.24000000
-0.24000000
-0.24000000
-0.24000000
-0.24000000
-0.16000000
-0.24000000
-0.24000000
-0.16000000
-0.24000000
-0.16000000
-0.16000000
-0.08000000
-0.16000000
-0.08000000
-0.08000000
-0.16000000
-0.08000000
-0.08000000
-0.08000000
-0.08000000
0.00000000
0.08000000
0.08000000
0.08000000
0.16000000
0.08000000
0.24000000
0.24000000
0.24000000
0.24000000
0.24000000
0.32000000
0.32000000
0.40000000
0.40000000
0.48000000
0.48000000
0.56000000
0.56000000
0.56000000
0.64000000
0.56000000
0.56000000
0.72000000
0.72000000
0.72000000
0.80000000
0.80000000
0.80000000
0.80000000
0.80000000
0.80000000
0.88000000
0.88000000
0.88000000
0.88000000
0.88000000
0.88000000
0.88000000
0.88000000
0.88000000
0.88000000
0.88000000
0.88000000
0.88000000
0.80000000
0.88000000
0.88000000
0.88000000
0.88000000
0.80000000
0.80000000
0.80000000
0.64000000
0.72000000
0.64000000
0.56000000
0.56000000
0.56000000
0.56000000
0.40000000
0.40000000
0.32000000
0.24000000
0.24000000
0.24000000
0.08000000
0.08000000
0.00000000
-0.08000000
-0.08000000
-0.24000000
-0.24000000
-0.40000000
-0.40000000
-0.48000000
-0.48000000
-0.64000000
-0.64000000
-0.72000000
-0.80000000
-0.88000000
-0.96000000
-1.04000000
-1.04000000
-1.12000000
-1.28000000
-1.36000000
-1.52000000
-1.52000000
-1.60000000
-1.68000000
-1.76000000
-1.76000000
-1.84000000
-1.92000000
-2.00000000
-2.08000000
-2.16000000
-2.16000000
-2.24000000
-2.24000000
-2.40000000
-2.40000000
-2.40000000
-2.48000000
-2.56000000
-2.56000000
-2.64000000
-2.56000000
-2.72000000
-2.72000000
-2.72000000
-2.72000000
-2.72000000
-2.80000000
-2.80000000
-2.80000000
-2.88000000
-2.80000000
-2.80000000
-2.80000000
-2.88000000
-2.72000000
-2.80000000
-2.72000000
-2.72000000
-2.72000000
-2.72000000
-2.64000000
-2.56000000
-2.56000000
-2.56000000
-2.40000000
-2.40000000
-2.40000000
-2.40000000
-2.24000000
-2.24000000
-2.16000000
-2.08000000
-2.08000000
-1.92000000
-1.84000000
-1.76000000
-1.76000000
-1.60000000
-1.36000000
-1.36000000
-1.28000000
-1.20000000
-1.12000000
-0.96000000
-0.88000000
-0.72000000
-0.64000000
-0.48000000
-0.40000000
-0.32000000
-0.16000000
-0.08000000
0.08000000
0.16000000
0.24000000
0.40000000
0.48000000
0.56000000
0.80000000
0.80000000
0.96000000
1.04000000
1.12000000
1.36000000
1.44000000
1.36000000
1.68000000
1.76000000
1.84000000
1.92000000
2.08000000
2.16000000
2.32000000
2.32000000
2.48000000
2.56000000
2.64000000
2.72000000
2.80000000
2.88000000
2.96000000
3.04000000
3.12000000
3.12000000
3.36000000
3.36000000
3.44000000
3.44000000
3.44000000
3.52000000
3.60000000
3.60000000
3.60000000
3.60000000
3.68000000
3.68000000
3.68000000
3.60000000
3.76000000
3.68000000
3.76000000
3.60000000
3.68000000
3.60000000
3.60000000
3.52000000
3.44000000
3.44000000
3.36000000
3.36000000
3.28000000
3.12000000
3.12000000
3.04000000
2.96000000
2.88000000
2.80000000
2.72000000
2.64000000
2.56000000
2.32000000
2.24000000
2.16000000
2.08000000
2.00000000
1.84000000
1.76000000
1.52000000
1.44000000
1.36000000
1.20000000
1.04000000
0.88000000
0.72000000
0.56000000
0.56000000
0.32000000
0.24000000
0.08000000
-0.08000000
-0.24000000
-0.40000000
-0.48000000
-0.72000000
-0.88000000
-1.04000000
-1.20000000
-1.36000000
-1.52000000
-1.68000000
-1.76000000
-1.92000000
-2.08000000
-2.24000000
-2.40000000
-2.48000000
-2.56000000
-2.72000000
-2.88000000
-2.96000000
-3.04000000
-3.20000000
-3.20000000
-3.36000000
-3.44000000
-3.52000000
-3.60000000
-3.68000000
-3.76000000
-3.76000000
-3.84000000
-4.00000000
-4.08000000
-4.00000000
-4.08000000
-4.16000000
-4.16000000
-4.24000000
-4.32000000
-4.32000000
-4.32000000
-4.32000000
-4.32000000
-4.32000000
-4.32000000
-4.24000000
-4.24000000
-4.24000000
-4.24000000
-4.24000000
-4.08000000
-4.00000000
-4.00000000
-4.00000000
-3.84000000
-3.84000000
-3.76000000
-3.68000000
-3.68000000
-3.52000000
-3.36000000
-3.36000000
-3.20000000
-3.12000000
-3.04000000
-2.96000000
-2.80000000
-2.72000000
-2.56000000
-2.40000000
-2.32000000
-2.16000000
-2.08000000
-1.92000000
-1.76000000
-1.60000000
-1.36000000
-1.20000000
-1.04000000
-0.96000000
-0.80000000
-0.72000000
-0.56000000
-0.40000000
-0.24000000
-0.08000000
0.08000000
0.24000000
0.40000000
0.56000000
0.72000000
0.88000000
0.96000000
1.12000000
1.20000000
1.44000000
1.52000000
1.68000000
1.84000000
2.00000000
2.08000000
2.16000000
2.24000000
2.32000000
2.48000000
2.64000000
2.80000000
2.88000000
2.96000000
3.12000000
3.12000000
3.28000000
3.28000000
3.44000000
3.44000000
3.60000000
3.60000000
3.68000000
3.68000000
3.76000000
3.76000000
3.84000000
3.92000000
3.92000000
4.00000000
4.00000000
4.00000000
4.00000000
4.00000000
4.08000000
4.08000000
4.08000000
4.08000000
4.00000000
4.00000000
4.00000000
3.92000000
3.92000000
3.84000000
3.76000000
3.68000000
3.68000000
3.68000000
3.60000000
3.52000000
3.44000000
3.44000000
3.28000000
3.12000000
3.12000000
3.04000000
2.88000000
2.80000000
2.80000000
2.64000000
2.64000000
2.40000000
2.32000000
2.16000000
2.16000000
2.08000000
1.92000000
1.84000000
1.76000000
1.60000000
1.52000000
1.36000000
1.20000000
1.12000000
1.04000000
0.88000000
0.80000000
0.64000000
0.56000000
0.40000000
0.24000000
0.24000000
0.08000000
0.08000000
-0.08000000
-0.16000000
-0.40000000
-0.40000000
-0.56000000
-0.64000000
-0.72000000
-0.88000000
-0.96000000
-1.04000000
-1.12000000
-1.20000000
-1.36000000
-1.36000000
-1.36000000
-1.68000000
-1.68000000
-1.76000000
-1.76000000
-1.84000000
-1.92000000
-2.08000000
-2.08000000
-2.16000000
-2.16000000
-2.24000000
-2.24000000
-2.24000000
-2.40000000
-2.40000000
-2.40000000
-2.48000000
-2.48000000
-2.48000000
-2.56000000
-2.56000000
-2.56000000
-2.48000000
-2.56000000
-2.56000000
-2.56000000
-2.56000000
-2.56000000
-2.56000000
-2.56000000
-2.56000000
-2.48000000
-2.48000000
-2.40000000
-2.48000000
-2.48000000
-2.40000000
-2.40000000
-2.40000000
-2.40000000
-2.32000000
-2.32000000
-2.24000000
-2.16000000
-2.08000000
-2.08000000
-2.08000000
-2.08000000
-1.92000000
-1.92000000
-1.92000000
-1.84000000
-1.84000000
-1.76000000
-1.76000000
-1.68000000
-1.60000000
-1.52000000
-1.36000000
-1.36000000
-1.36000000
-1.28000000
-1.20000000
-1.12000000
-1.12000000
-1.04000000
-1.04000000
-1.04000000
-0.96000000
-0.88000000
-0.80000000
-0.72000000
-0.72000000
-0.72000000
-0.56000000
-0.56000000
-0.48000000
-0.48000000
-0.40000000
-0.40000000
-0.32000000
-0.32000000
-0.24000000
-0.16000000
-0.08000000
-0.08000000
-0.08000000
-0.08000000
0.08000000
0.08000000
0.16000000
0.16000000
0.24000000
0.24000000
0.24000000
0.24000000
0.32000000
0.40000000
0.40000000
0.48000000
0.56000000
0.48000000
0.56000000
0.56000000
0.64000000
0.72000000
0.72000000
0.72000000
0.72000000
0.80000000
0.88000000
0.80000000
0.88000000
0.88000000
0.88000000
0.88000000
1.04000000
1.04000000
1.04000000
1.04000000
1.04000000
1.12000000
1.12000000
1.12000000
1.12000000
1.12000000
1.12000000
1.20000000
1.20000000
1.20000000
1.20000000
1.28000000
1.20000000
1.28000000
1.36000000
1.36000000
1.28000000
1.36000000
1.36000000
1.36000000
1.36000000
1.36000000
1.36000000
1.36000000
1.44000000
1.36000000
1.36000000
1.44000000
1.36000000
1.36000000
1.44000000
1.36000000
1.36000000
1.36000000
1.28000000
1.36000000
1.36000000
1.36000000
1.20000000
1.28000000
1.28000000
1.20000000
1.20000000
1.28000000
1.20000000
1.20000000
1.20000000
1.12000000
1.12000000
1.12000000
1.04000000
1.04000000
1.04000000
0.96000000
0.88000000
0.96000000
0.88000000
0.88000000
0.88000000
0.80000000
0.80000000
0.80000000
0.72000000
0.64000000
0.64000000
0.56000000
0.56000000
0.56000000
0.48000000
0.40000000
0.40000000
0.24000000
0.24000000
0.24000000
0.16000000
0.24000000
0.08000000
0.08000000
0.08000000
-0.08000000
-0.08000000
-0.08000000
-0.08000000
-0.24000000
-0.24000000
-0.32000000
-0.40000000
-0.40000000
-0.48000000
-0.48000000
-0.56000000
-0.56000000
-0.72000000
-0.72000000
-0.72000000
-0.80000000
-0.88000000
-0.88000000
-0.88000000
-1.04000000
-1.04000000
-1.04000000
-1.12000000
-1.20000000
-1.20000000
-1.36000000
-1.28000000
-1.28000000
-1.36000000
-1.52000000
-1.52000000
-1.52000000
-1.60000000
-1.68000000
-1.68000000
-1.76000000
-1.76000000
-1.76000000
-1.76000000
-1.76000000
-1.84000000
-1.84000000
-1.84000000
-1.84000000
-1.92000000
-1.92000000
-1.92000000
-1.92000000
-1.84000000
-1.92000000
-1.92000000
-1.92000000
-2.00000000
-2.00000000
-1.92000000
-1.92000000
-1.92000000
-1.92000000
-1.92000000
-1.92000000
-1.84000000
-1.84000000
-1.76000000
-1.76000000
-1.76000000
-1.76000000
-1.68000000
-1.60000000
-1.60000000
-1.60000000
-1.52000000
-1.52000000
-1.36000000
-1.36000000
-1.36000000
-1.28000000
-1.20000000
-1.12000000
-1.12000000
-1.04000000
-1.04000000
-0.96000000
-0.80000000
-0.72000000
-0.72000000
-0.64000000
-0.56000000
-0.56000000
-0.40000000
-0.40000000
-0.24000000
-0.16000000
-0.08000000
0.00000000
0.08000000
0.16000000
0.24000000
0.24000000
0.32000000
0.40000000
0.56000000
0.56000000
0.72000000
0.80000000
0.88000000
0.96000000
0.96000000
1.04000000
1.20000000
1.20000000
1.36000000
1.44000000
1.52000000
1.52000000
1.60000000
1.76000000
1.84000000
1.84000000
1.84000000
1.92000000
2.00000000
2.08000000
2.08000000
2.16000000
2.16000000
2.24000000
2.32000000
2.32000000
2.32000000
2.40000000
2.40000000
2.48000000
2.48000000
2.48000000
2.48000000
2.48000000
2.48000000
2.48000000
2.48000000
2.48000000
2.48000000
2.56000000
2.48000000
2.48000000
2.48000000
2.48000000
2.40000000
2.48000000
2.32000000
2.32000000
2.32000000
2.24000000
2.16000000
2.16000000
2.08000000
2.08000000
2.00000000
1.92000000
1.84000000
1.84000000
1.76000000
1.68000000
1.52000000
1.44000000
1.36000000
1.36000000
1.20000000
1.20000000
1.04000000
0.96000000
0.88000000
0.88000000
0.72000000
0.64000000
0.56000000
0.40000000
0.32000000
0.24000000
0.16000000
0.08000000
-0.08000000
-0.08000000
-0.24000000
-0.40000000
-0.40000000
-0.56000000
-0.64000000
-0.72000000
-0.80000000
-0.96000000
-0.96000000
-1.04000000
-1.20000000
-1.28000000
-1.36000000
-1.36000000
-1.60000000
-1.68000000
-1.76000000
-1.76000000
-1.84000000
-1.92000000
-2.08000000
-2.08000000
-2.08000000
-2.16000000
-2.24000000
-2.40000000
-2.40000000
-2.40000000
-2.48000000
-2.48000000
-2.48000000
-2.56000000
-2.56000000
-2.64000000
-2.56000000
-2.64000000
-2.72000000
-2.64000000
-2.72000000
-2.72000000
-2.72000000
-2.72000000
-2.72000000
-2.72000000
-2.72000000
-2.72000000
-2.72000000
-2.64000000
-2.72000000
-2.64000000
-2.56000000